# Blender v2.58 (sub 1) OBJ File: 'coconut.blend'
# www.blender.org
mtllib coconut.mtl
v 0.367806 -1.885314 -0.073161
v 0.721478 -1.775927 -0.143511
v 1.047424 -1.598292 -0.208346
v 1.333118 -1.359235 -0.265174
v 1.567581 -1.067944 -0.311811
v 1.741802 -0.735613 -0.346466
v 1.849088 -0.375012 -0.367806
v 1.885313 0.000000 -0.375012
v 1.849087 0.375012 -0.367806
v 1.741802 0.735613 -0.346466
v 1.567581 1.067944 -0.311811
v 1.333118 1.359235 -0.265174
v 1.047424 1.598292 -0.208346
v 0.721478 1.775926 -0.143511
v 0.367806 1.885313 -0.073161
v 0.346466 1.885313 -0.143511
v 0.679618 1.775926 -0.281507
v 0.986652 1.598292 -0.408685
v 1.255769 1.359235 -0.520157
v 1.476629 1.067944 -0.611640
v 1.640742 0.735613 -0.679618
v 1.741802 0.375012 -0.721478
v 1.775926 0.000000 -0.735613
v 1.741802 -0.375012 -0.721478
v 1.640742 -0.735613 -0.679618
v 1.476629 -1.067944 -0.611640
v 1.255769 -1.359235 -0.520157
v 0.986652 -1.598292 -0.408685
v 0.679617 -1.775927 -0.281507
v 0.346466 -1.885314 -0.143511
v 0.311811 -1.885314 -0.208345
v 0.611639 -1.775927 -0.408684
v 0.887963 -1.598292 -0.593318
v 1.130163 -1.359235 -0.755151
v 1.328931 -1.067944 -0.887963
v 1.476629 -0.735613 -0.986652
v 1.567581 -0.375012 -1.047424
v 1.598291 0.000000 -1.067944
v 1.567581 0.375012 -1.047424
v 1.476629 0.735613 -0.986652
v 1.328931 1.067944 -0.887963
v 1.130163 1.359235 -0.755151
v 0.887963 1.598292 -0.593318
v 0.611640 1.775926 -0.408685
v 0.311811 1.885313 -0.208346
v 0.265174 1.885313 -0.265174
v 0.520157 1.775926 -0.520157
v 0.755150 1.598292 -0.755151
v 0.961124 1.359235 -0.961124
v 1.130163 1.067944 -1.130163
v 1.255769 0.735613 -1.255769
v 1.333118 0.375012 -1.333118
v 1.359235 0.000000 -1.359235
v 1.333118 -0.375012 -1.333118
v 1.255769 -0.735613 -1.255769
v 1.130163 -1.067944 -1.130163
v 0.961124 -1.359235 -0.961124
v 0.755150 -1.598292 -0.755150
v 0.520157 -1.775927 -0.520157
v 0.265173 -1.885314 -0.265173
v 0.208345 -1.885314 -0.311811
v 0.408684 -1.775927 -0.611639
v 0.593318 -1.598292 -0.887963
v 0.755151 -1.359235 -1.130163
v 0.887963 -1.067944 -1.328931
v 0.986652 -0.735613 -1.476629
v 1.047424 -0.375012 -1.567581
v 1.067944 0.000000 -1.598291
v 1.047424 0.375012 -1.567581
v 0.986652 0.735613 -1.476629
v 0.887963 1.067944 -1.328931
v 0.755151 1.359235 -1.130163
v 0.593318 1.598292 -0.887963
v 0.408685 1.775926 -0.611640
v 0.208346 1.885313 -0.311811
v 0.143511 1.885313 -0.346466
v 0.281507 1.775926 -0.679618
v 0.408684 1.598292 -0.986652
v 0.520157 1.359235 -1.255769
v 0.611639 1.067944 -1.476629
v 0.679618 0.735613 -1.640742
v 0.721478 0.375012 -1.741802
v 0.735612 0.000000 -1.775926
v 0.721478 -0.375012 -1.741802
v 0.679617 -0.735613 -1.640742
v 0.611639 -1.067944 -1.476629
v 0.520157 -1.359235 -1.255769
v 0.408684 -1.598292 -0.986652
v 0.281507 -1.775927 -0.679617
v 0.143511 -1.885314 -0.346466
v -0.000000 -1.922249 0.000001
v 0.073161 -1.885314 -0.367806
v 0.143511 -1.775927 -0.721478
v 0.208346 -1.598292 -1.047424
v 0.265174 -1.359235 -1.333118
v 0.311811 -1.067944 -1.567581
v 0.346466 -0.735613 -1.741802
v 0.367806 -0.375012 -1.849087
v 0.375012 0.000000 -1.885313
v 0.367806 0.375012 -1.849087
v 0.346466 0.735613 -1.741802
v 0.311811 1.067944 -1.567581
v 0.265174 1.359235 -1.333118
v 0.208345 1.598292 -1.047424
v 0.143511 1.775926 -0.721478
v 0.073161 1.885313 -0.367806
v -0.000000 1.885313 -0.375012
v -0.000000 1.775926 -0.735613
v -0.000000 1.598292 -1.067944
v 0.000000 1.359235 -1.359235
v -0.000000 1.067944 -1.598291
v 0.000000 0.735613 -1.775926
v -0.000000 0.375012 -1.885313
v -0.000000 0.000000 -1.922248
v -0.000000 -0.375012 -1.885313
v -0.000000 -0.735613 -1.775926
v -0.000000 -1.067944 -1.598291
v 0.000000 -1.359235 -1.359235
v -0.000000 -1.598292 -1.067944
v -0.000000 -1.775927 -0.735612
v -0.000000 -1.885314 -0.375012
v -0.073161 -1.885314 -0.367806
v -0.143511 -1.775927 -0.721478
v -0.208346 -1.598292 -1.047424
v -0.265174 -1.359235 -1.333118
v -0.311811 -1.067944 -1.567580
v -0.346466 -0.735613 -1.741802
v -0.367806 -0.375012 -1.849087
v -0.375012 0.000000 -1.885313
v -0.367806 0.375012 -1.849087
v -0.346466 0.735613 -1.741802
v -0.311811 1.067944 -1.567580
v -0.265174 1.359235 -1.333118
v -0.208346 1.598292 -1.047424
v -0.143511 1.775926 -0.721478
v -0.073161 1.885313 -0.367806
v -0.143511 1.885313 -0.346466
v -0.281507 1.775926 -0.679618
v -0.408685 1.598292 -0.986651
v -0.520157 1.359235 -1.255769
v -0.611640 1.067944 -1.476628
v -0.679617 0.735613 -1.640742
v -0.721478 0.375012 -1.741802
v -0.735613 0.000000 -1.775926
v -0.721478 -0.375012 -1.741802
v -0.679618 -0.735613 -1.640742
v -0.611640 -1.067944 -1.476628
v -0.520157 -1.359235 -1.255769
v -0.408684 -1.598292 -0.986651
v -0.281507 -1.775927 -0.679617
v -0.143511 -1.885314 -0.346466
v -0.208345 -1.885314 -0.311811
v -0.408684 -1.775927 -0.611639
v -0.593318 -1.598292 -0.887963
v -0.755150 -1.359235 -1.130163
v -0.887963 -1.067944 -1.328930
v -0.986652 -0.735613 -1.476628
v -1.047424 -0.375012 -1.567580
v -1.067944 0.000000 -1.598291
v -1.047424 0.375012 -1.567580
v -0.986652 0.735613 -1.476629
v -0.887963 1.067944 -1.328930
v -0.755150 1.359235 -1.130163
v -0.593318 1.598292 -0.887963
v -0.408685 1.775926 -0.611640
v -0.208346 1.885313 -0.311811
v -0.265174 1.885313 -0.265173
v -0.520157 1.775926 -0.520157
v -0.755150 1.598292 -0.755150
v -0.961124 1.359235 -0.961124
v -1.130163 1.067944 -1.130162
v -1.255769 0.735613 -1.255769
v -1.333118 0.375012 -1.333117
v -1.359235 0.000000 -1.359234
v -1.333118 -0.375012 -1.333117
v -1.255769 -0.735613 -1.255769
v -1.130163 -1.067944 -1.130162
v -0.961124 -1.359235 -0.961124
v -0.755150 -1.598292 -0.755150
v -0.520157 -1.775927 -0.520157
v -0.265173 -1.885314 -0.265173
v -0.311811 -1.885314 -0.208345
v -0.611639 -1.775927 -0.408684
v -0.887963 -1.598292 -0.593318
v -1.130163 -1.359235 -0.755150
v -1.328930 -1.067944 -0.887963
v -1.476629 -0.735613 -0.986652
v -1.567580 -0.375012 -1.047423
v -1.598291 0.000000 -1.067943
v -1.567580 0.375012 -1.047423
v -1.476628 0.735613 -0.986652
v -1.328930 1.067944 -0.887963
v -1.130163 1.359235 -0.755150
v -0.887963 1.598292 -0.593318
v -0.611640 1.775926 -0.408684
v -0.311811 1.885313 -0.208345
v -0.346466 1.885313 -0.143511
v -0.679617 1.775926 -0.281507
v -0.986651 1.598292 -0.408684
v -1.255769 1.359235 -0.520157
v -1.476628 1.067944 -0.611639
v -1.640742 0.735613 -0.679618
v -1.741802 0.375012 -0.721478
v -1.775926 0.000000 -0.735612
v -1.741802 -0.375012 -0.721478
v -1.640742 -0.735613 -0.679617
v -1.476628 -1.067944 -0.611639
v -1.255769 -1.359235 -0.520157
v -0.986651 -1.598292 -0.408684
v -0.679617 -1.775927 -0.281507
v -0.346466 -1.885314 -0.143511
v -0.367806 -1.885314 -0.073161
v -0.721478 -1.775927 -0.143511
v -1.047424 -1.598292 -0.208345
v -1.333118 -1.359235 -0.265174
v -1.567580 -1.067944 -0.311811
v -1.741802 -0.735613 -0.346466
v -1.849087 -0.375012 -0.367806
v -1.885312 0.000000 -0.375011
v -1.849087 0.375012 -0.367806
v -1.741802 0.735613 -0.346466
v -1.567580 1.067944 -0.311811
v -1.333118 1.359235 -0.265174
v -1.047423 1.598292 -0.208345
v -0.721478 1.775926 -0.143511
v -0.367806 1.885313 -0.073161
v -0.375012 1.885313 0.000000
v -0.735613 1.775926 0.000000
v -1.067944 1.598292 0.000000
v -1.359235 1.359235 0.000000
v -1.598291 1.067944 0.000000
v -1.775926 0.735613 -0.000000
v -1.885313 0.375012 0.000000
v -1.922248 0.000000 0.000001
v -1.885313 -0.375012 0.000000
v -1.775926 -0.735613 0.000000
v -1.598291 -1.067944 0.000000
v -1.359235 -1.359235 0.000000
v -1.067944 -1.598292 0.000000
v -0.735612 -1.775927 0.000000
v -0.375012 -1.885314 0.000000
v -0.367806 -1.885314 0.073161
v -0.721478 -1.775927 0.143511
v -1.047423 -1.598292 0.208346
v -1.333118 -1.359235 0.265174
v -1.567580 -1.067944 0.311811
v -1.741802 -0.735613 0.346466
v -1.849087 -0.375012 0.367807
v -1.885312 0.000000 0.375013
v -1.849087 0.375012 0.367807
v -1.741802 0.735613 0.346466
v -1.567580 1.067944 0.311811
v -1.333118 1.359235 0.265174
v -1.047423 1.598292 0.208346
v -0.721478 1.775926 0.143511
v -0.367806 1.885313 0.073161
v -0.346466 1.885313 0.143511
v -0.679617 1.775926 0.281507
v -0.986651 1.598292 0.408685
v -1.255769 1.359235 0.520157
v -1.476628 1.067944 0.611640
v -1.640741 0.735613 0.679617
v -1.741802 0.375012 0.721478
v -1.775925 0.000000 0.735613
v -1.741802 -0.375012 0.721478
v -1.640742 -0.735613 0.679618
v -1.476628 -1.067944 0.611640
v -1.255769 -1.359235 0.520157
v -0.986651 -1.598292 0.408684
v -0.679617 -1.775927 0.281507
v -0.346465 -1.885314 0.143511
v -0.311811 -1.885314 0.208345
v -0.611639 -1.775927 0.408684
v -0.887963 -1.598292 0.593318
v -1.130162 -1.359235 0.755150
v -1.328930 -1.067944 0.887963
v -1.476628 -0.735613 0.986652
v -1.567580 -0.375012 1.047424
v -1.598290 0.000000 1.067944
v -1.567580 0.375012 1.047424
v -1.476628 0.735613 0.986651
v -1.328930 1.067944 0.887963
v -1.130162 1.359235 0.755150
v -0.887962 1.598292 0.593318
v -0.611639 1.775926 0.408685
v -0.311811 1.885313 0.208345
v -0.265173 1.885313 0.265173
v -0.520157 1.775926 0.520157
v -0.755150 1.598292 0.755150
v -0.961124 1.359235 0.961124
v -1.130162 1.067944 1.130162
v -1.255769 0.735613 1.255769
v -1.333117 0.375012 1.333118
v -1.359234 0.000000 1.359235
v -1.333117 -0.375012 1.333118
v -1.255769 -0.735613 1.255769
v -1.130162 -1.067944 1.130162
v -0.961124 -1.359235 0.961124
v -0.755150 -1.598292 0.755150
v -0.520156 -1.775927 0.520156
v -0.265173 -1.885314 0.265173
v -0.208345 -1.885314 0.311811
v -0.408684 -1.775927 0.611639
v -0.593318 -1.598292 0.887963
v -0.755150 -1.359235 1.130162
v -0.887963 -1.067944 1.328930
v -0.986651 -0.735613 1.476629
v -1.047423 -0.375012 1.567580
v -1.067943 0.000000 1.598291
v -1.047423 0.375012 1.567580
v -0.986651 0.735613 1.476628
v -0.887963 1.067944 1.328930
v -0.755150 1.359235 1.130162
v -0.593317 1.598292 0.887963
v -0.408684 1.775926 0.611639
v -0.208345 1.885313 0.311811
v 0.000000 1.922249 0.000000
v -0.143511 1.885313 0.346466
v -0.281507 1.775926 0.679617
v -0.408684 1.598292 0.986651
v -0.520157 1.359235 1.255769
v -0.611639 1.067944 1.476628
v -0.679617 0.735613 1.640741
v -0.721477 0.375012 1.741802
v -0.735611 0.000000 1.775925
v -0.721477 -0.375012 1.741802
v -0.679617 -0.735613 1.640742
v -0.611639 -1.067944 1.476628
v -0.520157 -1.359235 1.255769
v -0.408684 -1.598292 0.986651
v -0.281507 -1.775927 0.679617
v -0.143511 -1.885314 0.346466
v -0.073161 -1.885314 0.367806
v -0.143511 -1.775927 0.721478
v -0.208345 -1.598292 1.047423
v -0.265174 -1.359235 1.333118
v -0.311811 -1.067944 1.567580
v -0.346466 -0.735613 1.741802
v -0.367806 -0.375012 1.849087
v -0.375011 0.000000 1.885312
v -0.367806 0.375012 1.849087
v -0.346466 0.735613 1.741802
v -0.311811 1.067944 1.567580
v -0.265174 1.359235 1.333118
v -0.208345 1.598292 1.047423
v -0.143511 1.775926 0.721478
v -0.073161 1.885313 0.367806
v 0.000000 1.885313 0.375012
v 0.000000 1.775926 0.735612
v 0.000000 1.598292 1.067943
v 0.000000 1.359235 1.359235
v 0.000000 1.067944 1.598291
v 0.000000 0.735613 1.775926
v 0.000001 0.375012 1.885313
v 0.000001 0.000000 1.922247
v 0.000001 -0.375012 1.885313
v 0.000000 -0.735613 1.775926
v 0.000000 -1.067944 1.598291
v 0.000000 -1.359235 1.359235
v 0.000000 -1.598292 1.067944
v 0.000000 -1.775927 0.735612
v 0.000000 -1.885314 0.375012
v 0.073161 -1.885314 0.367806
v 0.143511 -1.775927 0.721478
v 0.208346 -1.598292 1.047423
v 0.265174 -1.359235 1.333117
v 0.311811 -1.067944 1.567580
v 0.346466 -0.735613 1.741802
v 0.367807 -0.375012 1.849087
v 0.375013 0.000000 1.885311
v 0.367807 0.375012 1.849087
v 0.346466 0.735613 1.741802
v 0.311811 1.067944 1.567580
v 0.265174 1.359235 1.333117
v 0.208346 1.598292 1.047423
v 0.143511 1.775926 0.721478
v 0.073161 1.885313 0.367806
v 0.143511 1.885313 0.346466
v 0.281507 1.775926 0.679617
v 0.408684 1.598292 0.986651
v 0.520157 1.359235 1.255769
v 0.611639 1.067944 1.476628
v 0.679617 0.735613 1.640741
v 0.721478 0.375012 1.741801
v 0.735613 0.000000 1.775924
v 0.721478 -0.375012 1.741801
v 0.679618 -0.735613 1.640741
v 0.611639 -1.067944 1.476628
v 0.520157 -1.359235 1.255769
v 0.408684 -1.598292 0.986651
v 0.281507 -1.775927 0.679617
v 0.143511 -1.885314 0.346465
v 0.208345 -1.885314 0.311811
v 0.408684 -1.775927 0.611639
v 0.593318 -1.598292 0.887962
v 0.755150 -1.359235 1.130162
v 0.887963 -1.067944 1.328930
v 0.986652 -0.735613 1.476628
v 1.047424 -0.375012 1.567580
v 1.067944 0.000000 1.598289
v 1.047424 0.375012 1.567580
v 0.986651 0.735613 1.476628
v 0.887963 1.067944 1.328930
v 0.755150 1.359235 1.130162
v 0.593318 1.598292 0.887962
v 0.408684 1.775926 0.611639
v 0.208345 1.885313 0.311811
v 0.265173 1.885313 0.265173
v 0.520157 1.775926 0.520156
v 0.755150 1.598292 0.755150
v 0.961124 1.359235 0.961124
v 1.130162 1.067944 1.130162
v 1.255769 0.735613 1.255769
v 1.333117 0.375012 1.333117
v 1.359234 0.000000 1.359233
v 1.333117 -0.375012 1.333117
v 1.255769 -0.735613 1.255769
v 1.130162 -1.067944 1.130162
v 0.961124 -1.359235 0.961124
v 0.755150 -1.598292 0.755150
v 0.520156 -1.775927 0.520156
v 0.265173 -1.885314 0.265173
v 0.311811 -1.885314 0.208345
v 0.611639 -1.775927 0.408684
v 0.887963 -1.598292 0.593317
v 1.130162 -1.359235 0.755150
v 1.328930 -1.067944 0.887962
v 1.476628 -0.735613 0.986651
v 1.567580 -0.375012 1.047423
v 1.598290 0.000000 1.067942
v 1.567580 0.375012 1.047423
v 1.476628 0.735613 0.986651
v 1.328930 1.067944 0.887962
v 1.130162 1.359235 0.755150
v 0.887963 1.598292 0.593317
v 0.611639 1.775926 0.408684
v 0.311811 1.885313 0.208345
v 0.346466 1.885313 0.143511
v 0.679617 1.775926 0.281507
v 0.986651 1.598292 0.408684
v 1.255769 1.359235 0.520157
v 1.476628 1.067944 0.611639
v 1.640741 0.735613 0.679617
v 1.741802 0.375012 0.721477
v 1.775925 0.000000 0.735611
v 1.741802 -0.375012 0.721477
v 1.640741 -0.735613 0.679617
v 1.476628 -1.067944 0.611639
v 1.255769 -1.359235 0.520157
v 0.986651 -1.598292 0.408684
v 0.679617 -1.775927 0.281507
v 0.346465 -1.885314 0.143511
v 0.367806 -1.885314 0.073161
v 0.721478 -1.775927 0.143511
v 1.047423 -1.598292 0.208345
v 1.333118 -1.359235 0.265173
v 1.567580 -1.067944 0.311811
v 1.741802 -0.735613 0.346466
v 1.849087 -0.375012 0.367806
v 1.885311 0.000000 0.375011
v 1.849087 0.375012 0.367806
v 1.741802 0.735613 0.346466
v 1.567580 1.067944 0.311811
v 1.333118 1.359235 0.265173
v 1.047423 1.598292 0.208345
v 0.721478 1.775926 0.143511
v 0.367806 1.885313 0.073161
v 0.375012 1.885313 -0.000000
v 0.735612 1.775926 -0.000000
v 1.067943 1.598292 -0.000000
v 1.359235 1.359235 -0.000000
v 1.598291 1.067944 -0.000000
v 1.775925 0.735613 -0.000000
v 1.885312 0.375012 -0.000001
v 1.922247 0.000000 -0.000001
v 1.885312 -0.375012 -0.000001
v 1.775926 -0.735613 -0.000000
v 1.598291 -1.067944 -0.000000
v 1.359235 -1.359235 -0.000000
v 1.067943 -1.598292 -0.000000
v 0.735612 -1.775927 -0.000000
v 0.375012 -1.885314 -0.000000
vt 0.473387 0.420143
vt 0.472680 0.482627
vt 0.466625 0.481203
vt 0.471988 0.545112
vt 0.460016 0.542295
vt 0.453055 0.603312
vt 0.471255 0.607596
vt 0.445123 0.664119
vt 0.470412 0.670078
vt 0.435248 0.724504
vt 0.469344 0.732554
vt 0.421550 0.784049
vt 0.467814 0.795020
vt 0.399639 0.841746
vt 0.465181 0.857462
vt 0.357023 0.894462
vt 0.458838 0.919822
vt 0.259119 0.929830
vt 0.411472 0.981262
vt 1.122905 0.919976
vt 1.259119 0.929830
vt 1.411472 0.981262
vt 0.996874 0.954338
vt 1.051790 0.875189
vt 0.982452 0.892157
vt 1.019662 0.819887
vt 0.978412 0.829746
vt 1.001734 0.761286
vt 0.976401 0.767290
vt 0.989831 0.701345
vt 0.975120 0.704819
vt 0.980857 0.640764
vt 0.974171 0.642340
vt 0.973387 0.579857
vt 0.967447 0.641355
vt 0.960290 0.702646
vt 0.950733 0.763525
vt 0.936123 0.823530
vt 0.908906 0.881287
vt 0.840663 0.930870
vt 0.676984 0.943403
vt 0.571266 0.903222
vt 0.533268 0.847470
vt 0.514983 0.788111
vt 0.503836 0.727505
vt 0.495895 0.666348
vt 0.489557 0.604918
vt 0.484014 0.543352
vt 0.478760 0.481737
vt 0.484649 0.478566
vt 0.495632 0.537093
vt 0.507102 0.595437
vt 0.519959 0.653259
vt 0.535514 0.710049
vt 0.556016 0.764895
vt 0.585738 0.815910
vt 0.632760 0.858759
vt 0.706385 0.883919
vt 0.793261 0.879687
vt 0.859474 0.848511
vt 0.900819 0.802809
vt 0.927472 0.750486
vt 0.946342 0.694991
vt 0.961007 0.637858
vt 0.955146 0.632021
vt 0.934101 0.682405
vt 0.908409 0.729690
vt 0.875476 0.771677
vt 0.832311 0.804712
vt 0.778017 0.823551
vt 0.718401 0.823520
vt 0.664137 0.804628
vt 0.621008 0.771557
vt 0.588103 0.729548
vt 0.562429 0.682251
vt 0.541395 0.631859
vt 0.523160 0.579691
vt 0.506415 0.526603
vt 0.490136 0.473230
vt 0.495028 0.465924
vt 0.516002 0.512311
vt 0.537215 0.558481
vt 0.559594 0.603582
vt 0.584171 0.646590
vt 0.612134 0.686159
vt 0.644741 0.720440
vt 0.682931 0.746985
vt 0.726427 0.762983
vt 0.772822 0.766155
vt 0.818116 0.755980
vt 0.858950 0.734042
vt 0.894111 0.703056
vt 0.924103 0.665705
vt 0.950114 0.624118
vt 0.946098 0.614507
vt 0.916599 0.645826
vt 0.884341 0.672400
vt 0.849113 0.692651
vt 0.811315 0.705041
vt 0.772097 0.708436
vt 0.733116 0.702494
vt 0.695942 0.687804
vt 0.661521 0.665654
vt 0.630062 0.637623
vt 0.601234 0.605256
vt 0.574434 0.569910
vt 0.548964 0.532743
vt 0.524107 0.494765
vt 0.499152 0.456915
vt 0.502361 0.446524
vt 0.530509 0.474591
vt 0.558258 0.503436
vt 0.586061 0.532177
vt 0.614367 0.559927
vt 0.643594 0.585770
vt 0.674080 0.608745
vt 0.706027 0.627860
vt 0.739422 0.642153
vt 0.773980 0.650794
vt 0.809155 0.653228
vt 0.844244 0.649289
vt 0.878567 0.639243
vt 0.911633 0.623723
vt 0.943225 0.603602
vt 0.941562 0.591848
vt 0.909127 0.600306
vt 0.876261 0.604823
vt 0.843225 0.605170
vt 0.810311 0.601330
vt 0.777791 0.593498
vt 0.745857 0.582055
vt 0.714598 0.567526
vt 0.683996 0.550528
vt 0.653937 0.531731
vt 0.624239 0.511826
vt 0.594681 0.491513
vt 0.565022 0.471492
vt 0.535037 0.452464
vt 0.504534 0.435123
vt 0.505576 0.423120
vt 0.537544 0.429093
vt 0.569182 0.437798
vt 0.600435 0.448864
vt 0.631311 0.461840
vt 0.661870 0.476219
vt 0.692218 0.491463
vt 0.722488 0.507016
vt 0.752823 0.522315
vt 0.783356 0.536804
vt 0.814197 0.549940
vt 0.845412 0.561214
vt 0.877014 0.570169
vt 0.908953 0.576424
vt 0.941126 0.579702
vt 0.941896 0.567621
vt 0.910972 0.552868
vt 0.880553 0.536193
vt 0.850508 0.518227
vt 0.820659 0.499619
vt 0.790806 0.481024
vt 0.760749 0.463098
vt 0.730312 0.446490
vt 0.699365 0.431828
vt 0.667851 0.419706
vt 0.635795 0.410646
vt 0.603313 0.405062
vt 0.570600 0.403223
vt 0.537891 0.405218
vt 0.505423 0.410949
vt 0.504045 0.399064
vt 0.535938 0.381619
vt 0.569034 0.368662
vt 0.603079 0.360906
vt 0.637617 0.358816
vt 0.672071 0.362525
vt 0.705889 0.371802
vt 0.738663 0.386098
vt 0.770203 0.404653
vt 0.800534 0.426591
vt 0.829850 0.451011
vt 0.858456 0.477024
vt 0.886722 0.503766
vt 0.915044 0.530389
vt 0.943814 0.556043
vt 0.946793 0.545383
vt 0.921026 0.509701
vt 0.895435 0.473767
vt 0.869367 0.438519
vt 0.842174 0.404946
vt 0.813238 0.374150
vt 0.782039 0.347385
vt 0.748301 0.326039
vt 0.712186 0.311508
vt 0.674438 0.304942
vt 0.636309 0.306924
vt 0.599183 0.317275
vt 0.564107 0.335112
vt 0.531551 0.359133
vt 0.501448 0.387921
vt 0.497688 0.377972
vt 0.524638 0.338655
vt 0.555314 0.303752
vt 0.590627 0.275294
vt 0.630760 0.255692
vt 0.674420 0.247213
vt 0.718726 0.251045
vt 0.760455 0.266633
vt 0.797651 0.292005
vt 0.830013 0.324714
vt 0.858259 0.362555
vt 0.883445 0.403794
vt 0.906624 0.447116
vt 0.928753 0.491488
vt 0.950717 0.536023
vt 0.955446 0.528297
vt 0.938020 0.476390
vt 0.920164 0.424771
vt 0.900863 0.374138
vt 0.878855 0.325402
vt 0.852454 0.279918
vt 0.819442 0.239837
vt 0.777514 0.208525
vt 0.726308 0.190508
vt 0.670545 0.189690
vt 0.618642 0.206278
vt 0.575836 0.236586
vt 0.542104 0.276033
vt 0.515204 0.321132
vt 0.492877 0.369639
vt 0.487188 0.363295
vt 0.503447 0.307514
vt 0.524134 0.253712
vt 0.552715 0.203639
vt 0.595196 0.160962
vt 0.658569 0.133111
vt 0.736940 0.130049
vt 0.804969 0.153273
vt 0.851522 0.193512
vt 0.882520 0.242383
vt 0.904562 0.295564
vt 0.921582 0.351010
vt 0.935796 0.407681
vt 0.948555 0.464975
vt 0.960811 0.522484
vt 0.966625 0.518797
vt 0.960016 0.457705
vt 0.953055 0.396688
vt 0.945123 0.335881
vt 0.935248 0.275496
vt 0.921550 0.215951
vt 0.899639 0.158254
vt 0.857023 0.105539
vt 0.759119 0.070170
vt 0.622905 0.080024
vt 0.551790 0.124811
vt 0.519662 0.180113
vt 0.501734 0.238714
vt 0.489831 0.298655
vt 0.480857 0.359236
vt 0.474171 0.357660
vt 0.475120 0.295181
vt 0.476401 0.232710
vt 0.478412 0.170254
vt 0.482452 0.107843
vt 0.496874 0.045662
vt 0.911473 0.018738
vt 0.958838 0.080178
vt 0.965181 0.142538
vt 0.967814 0.204980
vt 0.969344 0.267446
vt 0.970412 0.329922
vt 0.971255 0.392404
vt 0.971988 0.454888
vt 0.972680 0.517373
vt 0.978760 0.518263
vt 0.984014 0.456648
vt 0.989557 0.395082
vt 0.995895 0.333652
vt 1.003836 0.272495
vt 1.014983 0.211889
vt 1.033268 0.152530
vt 1.071267 0.096778
vt 1.176983 0.056597
vt 1.340663 0.069130
vt 0.408906 0.118713
vt 0.340663 0.069130
vt 0.436123 0.176470
vt 0.450733 0.236475
vt 0.460290 0.297354
vt 0.467447 0.358645
vt 0.461007 0.362142
vt 0.446342 0.305009
vt 0.427471 0.249514
vt 0.400819 0.197191
vt 0.359474 0.151489
vt 0.293261 0.120313
vt 0.176983 0.056597
vt 0.206385 0.116081
vt 0.071267 0.096778
vt 0.132760 0.141241
vt 0.033268 0.152530
vt 0.085738 0.184090
vt 0.014983 0.211889
vt 0.056016 0.235105
vt 0.003836 0.272495
vt 0.035514 0.289952
vt 1.035514 0.289952
vt 1.019959 0.346741
vt 1.007102 0.404563
vt 0.995632 0.462907
vt 0.984649 0.521434
vt 0.990136 0.526770
vt 1.006415 0.473397
vt 1.023160 0.420309
vt 0.007102 0.404563
vt 0.019959 0.346741
vt 0.041395 0.368141
vt 0.023160 0.420309
vt 0.062429 0.317749
vt 0.088103 0.270452
vt 0.121008 0.228443
vt 0.164137 0.195372
vt 0.218401 0.176480
vt 0.278017 0.176449
vt 0.332311 0.195288
vt 0.375476 0.228323
vt 0.408409 0.270310
vt 0.434101 0.317595
vt 0.455146 0.367979
vt 0.450114 0.375882
vt 0.424103 0.334295
vt 0.394111 0.296944
vt 0.358950 0.265958
vt 0.318116 0.244020
vt 0.272822 0.233845
vt 0.226427 0.237017
vt 0.182931 0.253015
vt 0.144741 0.279560
vt 0.112134 0.313841
vt 0.084171 0.353410
vt 0.059594 0.396418
vt 0.037215 0.441519
vt 0.006415 0.473397
vt 0.016002 0.487689
vt 1.016002 0.487689
vt 0.995028 0.534076
vt 0.999152 0.543085
vt 1.024107 0.505235
vt 0.048964 0.467257
vt 0.024107 0.505235
vt 0.074434 0.430090
vt 0.101234 0.394744
vt 0.130062 0.362377
vt 0.161521 0.334346
vt 0.195942 0.312196
vt 0.233116 0.297506
vt 0.272097 0.291564
vt 0.311315 0.294959
vt 0.349113 0.307349
vt 0.384341 0.327601
vt 0.416599 0.354174
vt 0.446098 0.385493
vt 0.443225 0.396398
vt 0.411633 0.376277
vt 0.378567 0.360757
vt 0.344245 0.350711
vt 0.309155 0.346772
vt 0.273980 0.349206
vt 0.239422 0.357847
vt 0.206027 0.372140
vt 0.174080 0.391255
vt 0.143594 0.414230
vt 0.114367 0.440073
vt 0.086061 0.467823
vt 0.058258 0.496564
vt 0.030509 0.525409
vt 1.030509 0.525409
vt 1.002361 0.553476
vt 1.004534 0.564877
vt 0.002361 0.553476
vt 0.035037 0.547536
vt 0.004534 0.564877
vt 0.065022 0.528508
vt 0.094681 0.508487
vt 0.124239 0.488174
vt 0.153937 0.468269
vt 0.183996 0.449472
vt 0.214598 0.432474
vt 0.245857 0.417945
vt 0.277791 0.406502
vt 0.310312 0.398670
vt 0.343225 0.394830
vt 0.376261 0.395177
vt 0.409127 0.399694
vt 0.441562 0.408152
vt 0.441126 0.420298
vt 0.408953 0.423576
vt 0.377014 0.429831
vt 0.345412 0.438786
vt 0.314197 0.450060
vt 0.283356 0.463196
vt 0.252823 0.477685
vt 0.222488 0.492984
vt 0.192218 0.508537
vt 0.161870 0.523781
vt 0.131311 0.538160
vt 0.100435 0.551136
vt 0.069181 0.562202
vt 0.037544 0.570907
vt 0.005576 0.576880
vt 1.005576 0.576880
vt 1.005423 0.589051
vt 0.037891 0.594782
vt 0.005423 0.589051
vt 0.070599 0.596777
vt 0.103313 0.594938
vt 0.135795 0.589354
vt 0.167851 0.580294
vt 0.199365 0.568172
vt 0.230312 0.553511
vt 0.260749 0.536902
vt 0.290806 0.518976
vt 0.320659 0.500381
vt 0.350508 0.481773
vt 0.380553 0.463807
vt 0.410972 0.447132
vt 0.441896 0.432379
vt 0.443814 0.443957
vt 0.415044 0.469611
vt 0.386722 0.496234
vt 0.358456 0.522976
vt 0.329850 0.548989
vt 0.300534 0.573409
vt 0.270203 0.595347
vt 0.238663 0.613902
vt 0.205889 0.628199
vt 0.172071 0.637475
vt 0.137617 0.641184
vt 0.103079 0.639094
vt 0.069034 0.631338
vt 0.035938 0.618381
vt 0.004045 0.600937
vt 1.004045 0.600937
vt 1.001448 0.612079
vt 0.031551 0.640867
vt 0.001448 0.612079
vt 0.064107 0.664888
vt 0.099183 0.682725
vt 0.136309 0.693076
vt 0.174437 0.695058
vt 0.212186 0.688492
vt 0.248301 0.673961
vt 0.282039 0.652615
vt 0.313238 0.625850
vt 0.342175 0.595054
vt 0.369367 0.561481
vt 0.395435 0.526233
vt 0.421026 0.490299
vt 0.446793 0.454617
vt 0.450717 0.463977
vt 0.428753 0.508512
vt 0.406624 0.552884
vt 0.383445 0.596206
vt 0.358259 0.637445
vt 0.330013 0.675286
vt 0.297651 0.707995
vt 0.260455 0.733367
vt 0.218726 0.748955
vt 0.174420 0.752787
vt 0.130760 0.744308
vt 0.090627 0.724706
vt 0.055314 0.696248
vt 0.024638 0.661345
vt 1.031551 0.640867
vt 1.024638 0.661345
vt 0.997688 0.622028
vt 0.992877 0.630361
vt 1.015204 0.678868
vt 0.042104 0.723967
vt 0.015204 0.678868
vt 0.075836 0.763414
vt 0.118642 0.793722
vt 0.170545 0.810310
vt 0.226308 0.809492
vt 0.277514 0.791475
vt 0.319442 0.760163
vt 0.352454 0.720082
vt 0.378855 0.674598
vt 0.400863 0.625862
vt 0.420164 0.575229
vt 0.438020 0.523610
vt 0.455446 0.471703
vt 0.460811 0.477516
vt 0.448555 0.535025
vt 0.435796 0.592319
vt 0.421582 0.648990
vt 0.404562 0.704436
vt 0.382520 0.757617
vt 0.351522 0.806488
vt 0.304969 0.846727
vt 0.236940 0.869951
vt 0.158569 0.866889
vt 0.095196 0.839038
vt 0.052715 0.796361
vt 0.024134 0.746288
vt 0.003447 0.692486
vt 1.003447 0.692486
vt 0.987188 0.636705
vt 1.024134 0.746288
vt 0.019662 0.819887
vt 0.001734 0.761286
vt 0.051790 0.875189
vt 0.122905 0.919976
vn 0.098012 -0.995138 -0.009653
vn 0.290166 -0.956550 -0.028578
vn 0.470890 -0.880972 -0.046377
vn 0.633158 -0.771506 -0.062359
vn 0.770781 -0.632562 -0.075914
vn 0.878613 -0.469629 -0.086534
vn 0.952719 -0.289003 -0.093832
vn 0.990439 -0.097548 -0.097545
vn 0.990439 0.097548 -0.097546
vn 0.952718 0.289004 -0.093832
vn 0.878613 0.469628 -0.086533
vn 0.770780 0.632562 -0.075914
vn 0.633158 0.771506 -0.062358
vn 0.470890 0.880972 -0.046376
vn 0.290166 0.956550 -0.028578
vn 0.098013 0.995138 -0.009653
vn 0.094246 0.995138 -0.028589
vn 0.279015 0.956550 -0.084638
vn 0.452793 0.880972 -0.137353
vn 0.608827 0.771506 -0.184686
vn 0.741159 0.632563 -0.224828
vn 0.844848 0.469628 -0.256282
vn 0.916106 0.289004 -0.277898
vn 0.952376 0.097550 -0.288900
vn 0.952376 -0.097550 -0.288900
vn 0.916106 -0.289004 -0.277898
vn 0.844848 -0.469628 -0.256282
vn 0.741159 -0.632562 -0.224829
vn 0.608827 -0.771506 -0.184686
vn 0.452793 -0.880972 -0.137353
vn 0.279015 -0.956550 -0.084638
vn 0.094246 -0.995138 -0.028589
vn 0.086857 -0.995138 -0.046426
vn 0.257142 -0.956550 -0.137445
vn 0.417297 -0.880972 -0.223050
vn 0.561098 -0.771506 -0.299913
vn 0.683057 -0.632562 -0.365101
vn 0.778617 -0.469629 -0.416179
vn 0.844288 -0.289004 -0.451281
vn 0.877715 -0.097550 -0.469149
vn 0.877715 0.097550 -0.469148
vn 0.844288 0.289004 -0.451281
vn 0.778617 0.469628 -0.416179
vn 0.683056 0.632562 -0.365101
vn 0.561098 0.771506 -0.299913
vn 0.417297 0.880972 -0.223050
vn 0.257142 0.956550 -0.137445
vn 0.086858 0.995138 -0.046427
vn 0.076132 0.995138 -0.062480
vn 0.225387 0.956550 -0.184970
vn 0.365764 0.880972 -0.300175
vn 0.491806 0.771506 -0.403615
vn 0.598704 0.632562 -0.491344
vn 0.682463 0.469628 -0.560083
vn 0.740024 0.289004 -0.607322
vn 0.769324 0.097549 -0.631368
vn 0.769324 -0.097549 -0.631368
vn 0.740024 -0.289004 -0.607323
vn 0.682463 -0.469629 -0.560083
vn 0.598704 -0.632562 -0.491344
vn 0.491806 -0.771506 -0.403615
vn 0.365764 -0.880972 -0.300175
vn 0.225386 -0.956550 -0.184970
vn 0.076131 -0.995138 -0.062479
vn 0.062479 -0.995138 -0.076131
vn 0.184970 -0.956550 -0.225387
vn 0.300175 -0.880972 -0.365764
vn 0.403615 -0.771506 -0.491806
vn 0.491344 -0.632562 -0.598704
vn 0.560083 -0.469628 -0.682463
vn 0.607322 -0.289004 -0.740025
vn 0.631367 -0.097549 -0.769324
vn 0.631367 0.097549 -0.769324
vn 0.607322 0.289004 -0.740025
vn 0.560083 0.469628 -0.682463
vn 0.491344 0.632562 -0.598704
vn 0.403615 0.771506 -0.491806
vn 0.300175 0.880972 -0.365764
vn 0.184970 0.956549 -0.225387
vn 0.062480 0.995138 -0.076132
vn 0.046426 0.995138 -0.086858
vn 0.137445 0.956550 -0.257142
vn 0.223050 0.880972 -0.417297
vn 0.299913 0.771506 -0.561098
vn 0.365101 0.632562 -0.683056
vn 0.416179 0.469628 -0.778617
vn 0.451281 0.289004 -0.844288
vn 0.469148 0.097549 -0.877715
vn 0.469148 -0.097549 -0.877715
vn 0.451281 -0.289003 -0.844288
vn 0.416179 -0.469628 -0.778617
vn 0.365101 -0.632562 -0.683057
vn 0.299913 -0.771506 -0.561098
vn 0.223050 -0.880972 -0.417297
vn 0.137445 -0.956550 -0.257142
vn 0.046426 -0.995138 -0.086857
vn 0.028589 -0.995138 -0.094246
vn 0.084638 -0.956550 -0.279015
vn 0.137353 -0.880972 -0.452794
vn 0.184686 -0.771506 -0.608826
vn 0.224828 -0.632562 -0.741159
vn 0.256282 -0.469628 -0.844848
vn 0.277898 -0.289003 -0.916106
vn 0.288900 -0.097549 -0.952376
vn 0.288900 0.097549 -0.952376
vn 0.277898 0.289004 -0.916106
vn 0.256282 0.469628 -0.844848
vn 0.224828 0.632562 -0.741159
vn 0.184686 0.771506 -0.608827
vn 0.137353 0.880972 -0.452793
vn 0.084638 0.956550 -0.279015
vn 0.028589 0.995138 -0.094246
vn 0.009653 0.995138 -0.098013
vn 0.028579 0.956550 -0.290166
vn 0.046379 0.880972 -0.470890
vn 0.062360 0.771506 -0.633159
vn 0.075915 0.632562 -0.770780
vn 0.086536 0.469628 -0.878613
vn 0.093835 0.289004 -0.952718
vn 0.097549 0.097549 -0.990438
vn 0.097549 -0.097549 -0.990438
vn 0.093834 -0.289003 -0.952718
vn 0.086536 -0.469628 -0.878613
vn 0.075915 -0.632562 -0.770780
vn 0.062360 -0.771506 -0.633158
vn 0.046379 -0.880972 -0.470890
vn 0.028579 -0.956550 -0.290166
vn 0.009653 -0.995138 -0.098012
vn -0.009653 -0.995138 -0.098012
vn -0.028579 -0.956550 -0.290166
vn -0.046379 -0.880972 -0.470890
vn -0.062361 -0.771506 -0.633158
vn -0.075915 -0.632562 -0.770780
vn -0.086536 -0.469628 -0.878613
vn -0.093835 -0.289003 -0.952718
vn -0.097550 -0.097549 -0.990438
vn -0.097550 0.097549 -0.990438
vn -0.093835 0.289004 -0.952718
vn -0.086536 0.469629 -0.878613
vn -0.075915 0.632562 -0.770780
vn -0.062361 0.771506 -0.633159
vn -0.046379 0.880972 -0.470890
vn -0.028579 0.956550 -0.290166
vn -0.009653 0.995138 -0.098013
vn -0.028589 0.995138 -0.094246
vn -0.084638 0.956550 -0.279015
vn -0.137354 0.880972 -0.452794
vn -0.184686 0.771506 -0.608827
vn -0.224828 0.632562 -0.741159
vn -0.256282 0.469628 -0.844848
vn -0.277898 0.289004 -0.916106
vn -0.288901 0.097549 -0.952376
vn -0.288901 -0.097549 -0.952376
vn -0.277898 -0.289004 -0.916106
vn -0.256282 -0.469628 -0.844848
vn -0.224828 -0.632562 -0.741159
vn -0.184686 -0.771506 -0.608826
vn -0.137353 -0.880972 -0.452794
vn -0.084638 -0.956550 -0.279015
vn -0.028589 -0.995138 -0.094246
vn -0.046426 -0.995138 -0.086857
vn -0.137445 -0.956550 -0.257142
vn -0.223050 -0.880972 -0.417297
vn -0.299913 -0.771506 -0.561098
vn -0.365101 -0.632562 -0.683057
vn -0.416180 -0.469628 -0.778617
vn -0.451282 -0.289004 -0.844288
vn -0.469149 -0.097549 -0.877715
vn -0.469149 0.097549 -0.877715
vn -0.451281 0.289004 -0.844288
vn -0.416180 0.469628 -0.778617
vn -0.365101 0.632562 -0.683056
vn -0.299913 0.771506 -0.561098
vn -0.223050 0.880972 -0.417297
vn -0.137445 0.956550 -0.257142
vn -0.046427 0.995138 -0.086858
vn -0.062480 0.995138 -0.076132
vn -0.184970 0.956550 -0.225387
vn -0.300175 0.880972 -0.365764
vn -0.403615 0.771506 -0.491806
vn -0.491344 0.632562 -0.598704
vn -0.560083 0.469628 -0.682463
vn -0.607322 0.289004 -0.740025
vn -0.631368 0.097548 -0.769324
vn -0.631368 -0.097548 -0.769324
vn -0.607322 -0.289004 -0.740025
vn -0.560083 -0.469628 -0.682463
vn -0.491344 -0.632562 -0.598704
vn -0.403615 -0.771506 -0.491806
vn -0.300175 -0.880972 -0.365764
vn -0.184970 -0.956550 -0.225386
vn -0.062479 -0.995138 -0.076131
vn -0.076131 -0.995138 -0.062479
vn -0.225387 -0.956550 -0.184970
vn -0.365764 -0.880972 -0.300175
vn -0.491806 -0.771506 -0.403615
vn -0.598704 -0.632562 -0.491344
vn -0.682463 -0.469628 -0.560083
vn -0.740025 -0.289004 -0.607322
vn -0.769324 -0.097548 -0.631367
vn -0.769324 0.097548 -0.631367
vn -0.740025 0.289004 -0.607322
vn -0.682463 0.469629 -0.560083
vn -0.598704 0.632562 -0.491344
vn -0.491806 0.771506 -0.403615
vn -0.365764 0.880972 -0.300175
vn -0.225387 0.956550 -0.184970
vn -0.076132 0.995138 -0.062480
vn -0.086858 0.995138 -0.046426
vn -0.257142 0.956550 -0.137445
vn -0.417297 0.880972 -0.223050
vn -0.561098 0.771506 -0.299913
vn -0.683057 0.632562 -0.365101
vn -0.778617 0.469629 -0.416179
vn -0.844288 0.289004 -0.451281
vn -0.877715 0.097549 -0.469148
vn -0.877715 -0.097549 -0.469148
vn -0.844288 -0.289003 -0.451281
vn -0.778617 -0.469629 -0.416179
vn -0.683057 -0.632562 -0.365101
vn -0.561098 -0.771506 -0.299913
vn -0.417297 -0.880972 -0.223050
vn -0.257142 -0.956550 -0.137445
vn -0.086857 -0.995138 -0.046426
vn -0.094246 -0.995138 -0.028589
vn -0.279015 -0.956550 -0.084638
vn -0.452794 -0.880972 -0.137353
vn -0.608826 -0.771506 -0.184686
vn -0.741160 -0.632562 -0.224828
vn -0.844848 -0.469629 -0.256282
vn -0.916106 -0.289003 -0.277898
vn -0.952376 -0.097549 -0.288900
vn -0.952377 0.097549 -0.288900
vn -0.916106 0.289004 -0.277898
vn -0.844848 0.469629 -0.256282
vn -0.741159 0.632562 -0.224828
vn -0.608826 0.771506 -0.184685
vn -0.452794 0.880972 -0.137353
vn -0.279015 0.956550 -0.084638
vn -0.094246 0.995138 -0.028589
vn -0.098013 0.995138 -0.009653
vn -0.290166 0.956550 -0.028579
vn -0.470890 0.880972 -0.046379
vn -0.633158 0.771506 -0.062360
vn -0.770780 0.632562 -0.075915
vn -0.878613 0.469628 -0.086536
vn -0.952718 0.289004 -0.093835
vn -0.990439 0.097548 -0.097549
vn -0.990439 -0.097548 -0.097549
vn -0.952718 -0.289003 -0.093835
vn -0.878613 -0.469628 -0.086536
vn -0.770780 -0.632562 -0.075915
vn -0.633158 -0.771506 -0.062360
vn -0.470890 -0.880972 -0.046379
vn -0.290166 -0.956550 -0.028579
vn -0.098012 -0.995138 -0.009653
vn -0.098012 -0.995138 0.009653
vn -0.290166 -0.956550 0.028579
vn -0.470890 -0.880972 0.046379
vn -0.633158 -0.771506 0.062361
vn -0.770780 -0.632562 0.075915
vn -0.878613 -0.469628 0.086536
vn -0.952718 -0.289003 0.093835
vn -0.990439 -0.097548 0.097550
vn -0.990439 0.097548 0.097550
vn -0.952718 0.289004 0.093835
vn -0.878613 0.469628 0.086536
vn -0.770780 0.632562 0.075915
vn -0.633158 0.771506 0.062361
vn -0.470890 0.880972 0.046379
vn -0.290166 0.956550 0.028579
vn -0.098013 0.995138 0.009653
vn -0.094246 0.995138 0.028589
vn -0.279015 0.956550 0.084638
vn -0.452794 0.880972 0.137354
vn -0.608826 0.771506 0.184686
vn -0.741159 0.632562 0.224828
vn -0.844848 0.469628 0.256282
vn -0.916106 0.289004 0.277898
vn -0.952376 0.097548 0.288901
vn -0.952376 -0.097548 0.288901
vn -0.916106 -0.289003 0.277898
vn -0.844848 -0.469629 0.256282
vn -0.741160 -0.632562 0.224829
vn -0.608826 -0.771506 0.184686
vn -0.452794 -0.880972 0.137354
vn -0.279015 -0.956550 0.084638
vn -0.094246 -0.995138 0.028589
vn -0.086858 -0.995138 0.046426
vn -0.257142 -0.956550 0.137445
vn -0.417297 -0.880972 0.223050
vn -0.561098 -0.771506 0.299913
vn -0.683057 -0.632562 0.365101
vn -0.778617 -0.469629 0.416179
vn -0.844288 -0.289003 0.451282
vn -0.877715 -0.097548 0.469149
vn -0.877715 0.097548 0.469149
vn -0.844288 0.289004 0.451281
vn -0.778617 0.469628 0.416179
vn -0.683057 0.632562 0.365101
vn -0.561097 0.771506 0.299913
vn -0.417297 0.880972 0.223050
vn -0.257142 0.956550 0.137445
vn -0.086858 0.995138 0.046427
vn -0.076132 0.995138 0.062480
vn -0.225386 0.956549 0.184970
vn -0.365764 0.880972 0.300175
vn -0.491806 0.771506 0.403615
vn -0.598704 0.632562 0.491344
vn -0.682463 0.469628 0.560083
vn -0.740024 0.289004 0.607322
vn -0.769324 0.097548 0.631368
vn -0.769324 -0.097548 0.631368
vn -0.740025 -0.289003 0.607323
vn -0.682463 -0.469629 0.560083
vn -0.598704 -0.632562 0.491344
vn -0.491806 -0.771506 0.403615
vn -0.365764 -0.880972 0.300175
vn -0.225387 -0.956550 0.184970
vn -0.076131 -0.995138 0.062479
vn -0.062479 -0.995138 0.076131
vn -0.184970 -0.956550 0.225387
vn -0.300175 -0.880972 0.365764
vn -0.403615 -0.771506 0.491806
vn -0.491344 -0.632562 0.598704
vn -0.560083 -0.469629 0.682463
vn -0.607322 -0.289003 0.740025
vn -0.631367 -0.097547 0.769324
vn -0.631367 0.097547 0.769324
vn -0.607322 0.289004 0.740025
vn -0.560083 0.469628 0.682463
vn -0.491344 0.632562 0.598704
vn -0.403615 0.771506 0.491806
vn -0.300175 0.880972 0.365764
vn -0.184970 0.956550 0.225387
vn -0.062480 0.995138 0.076132
vn -0.046426 0.995138 0.086858
vn -0.137445 0.956550 0.257142
vn -0.223050 0.880972 0.417297
vn -0.299913 0.771506 0.561097
vn -0.365101 0.632562 0.683057
vn -0.416179 0.469628 0.778617
vn -0.451281 0.289004 0.844288
vn -0.469148 0.097547 0.877715
vn -0.469148 -0.097547 0.877716
vn -0.451281 -0.289003 0.844288
vn -0.416179 -0.469629 0.778617
vn -0.365101 -0.632562 0.683057
vn -0.299913 -0.771506 0.561098
vn -0.223050 -0.880972 0.417297
vn -0.137445 -0.956550 0.257142
vn -0.046426 -0.995138 0.086858
vn -0.028589 -0.995138 0.094246
vn -0.084638 -0.956550 0.279015
vn -0.137353 -0.880972 0.452794
vn -0.184686 -0.771506 0.608826
vn -0.224829 -0.632561 0.741160
vn -0.256282 -0.469629 0.844848
vn -0.277897 -0.289003 0.916106
vn -0.288900 -0.097547 0.952377
vn -0.288900 0.097547 0.952377
vn -0.277898 0.289004 0.916106
vn -0.256282 0.469629 0.844848
vn -0.224828 0.632562 0.741160
vn -0.184685 0.771506 0.608826
vn -0.137353 0.880972 0.452794
vn -0.084638 0.956550 0.279015
vn -0.028589 0.995138 0.094246
vn -0.009653 0.995138 0.098013
vn -0.028579 0.956550 0.290166
vn -0.046378 0.880972 0.470890
vn -0.062360 0.771506 0.633158
vn -0.075915 0.632562 0.770780
vn -0.086536 0.469629 0.878613
vn -0.093834 0.289004 0.952718
vn -0.097549 0.097547 0.990439
vn -0.097549 -0.097547 0.990439
vn -0.093834 -0.289003 0.952718
vn -0.086536 -0.469629 0.878613
vn -0.075915 -0.632561 0.770781
vn -0.062360 -0.771506 0.633158
vn -0.046378 -0.880972 0.470890
vn -0.028579 -0.956550 0.290166
vn -0.009653 -0.995138 0.098013
vn 0.009653 -0.995138 0.098012
vn 0.028579 -0.956550 0.290166
vn 0.046379 -0.880972 0.470890
vn 0.062361 -0.771506 0.633158
vn 0.075915 -0.632562 0.770781
vn 0.086536 -0.469629 0.878613
vn 0.093835 -0.289003 0.952718
vn 0.097550 -0.097547 0.990439
vn 0.097550 0.097547 0.990439
vn 0.093835 0.289004 0.952718
vn 0.086536 0.469629 0.878613
vn 0.075915 0.632562 0.770780
vn 0.062361 0.771506 0.633158
vn 0.046379 0.880972 0.470890
vn 0.028579 0.956550 0.290166
vn 0.009653 0.995138 0.098013
vn 0.028589 0.995138 0.094246
vn 0.084638 0.956550 0.279015
vn 0.137354 0.880972 0.452794
vn 0.184686 0.771506 0.608826
vn 0.224829 0.632562 0.741160
vn 0.256282 0.469629 0.844848
vn 0.277898 0.289004 0.916106
vn 0.288901 0.097547 0.952376
vn 0.288901 -0.097547 0.952376
vn 0.277898 -0.289003 0.916106
vn 0.256282 -0.469629 0.844848
vn 0.224829 -0.632561 0.741160
vn 0.184686 -0.771506 0.608826
vn 0.137354 -0.880972 0.452794
vn 0.084638 -0.956550 0.279015
vn 0.028589 -0.995138 0.094246
vn 0.046426 -0.995138 0.086857
vn 0.137445 -0.956550 0.257142
vn 0.223050 -0.880972 0.417297
vn 0.299913 -0.771506 0.561098
vn 0.365101 -0.632562 0.683057
vn 0.416179 -0.469629 0.778616
vn 0.451282 -0.289003 0.844288
vn 0.469149 -0.097547 0.877715
vn 0.469149 0.097547 0.877715
vn 0.451281 0.289004 0.844288
vn 0.416179 0.469628 0.778617
vn 0.365101 0.632562 0.683057
vn 0.299913 0.771506 0.561097
vn 0.223050 0.880972 0.417297
vn 0.137445 0.956550 0.257142
vn 0.046427 0.995138 0.086858
vn 0.062480 0.995138 0.076132
vn 0.184970 0.956550 0.225387
vn 0.300175 0.880972 0.365764
vn 0.403615 0.771507 0.491806
vn 0.491344 0.632562 0.598704
vn 0.560083 0.469628 0.682463
vn 0.607323 0.289004 0.740024
vn 0.631368 0.097547 0.769324
vn 0.631368 -0.097547 0.769324
vn 0.607323 -0.289003 0.740024
vn 0.560083 -0.469629 0.682463
vn 0.491344 -0.632561 0.598704
vn 0.403615 -0.771506 0.491806
vn 0.300175 -0.880972 0.365764
vn 0.184970 -0.956550 0.225387
vn 0.062479 -0.995138 0.076131
vn 0.076131 -0.995138 0.062479
vn 0.225387 -0.956550 0.184970
vn 0.365764 -0.880972 0.300175
vn 0.491806 -0.771506 0.403615
vn 0.598704 -0.632561 0.491344
vn 0.682463 -0.469629 0.560083
vn 0.740025 -0.289003 0.607322
vn 0.769324 -0.097547 0.631367
vn 0.769324 0.097547 0.631367
vn 0.740025 0.289004 0.607322
vn 0.682463 0.469628 0.560083
vn 0.598704 0.632562 0.491344
vn 0.491806 0.771507 0.403614
vn 0.365764 0.880972 0.300175
vn 0.225387 0.956550 0.184970
vn 0.076132 0.995138 0.062480
vn 0.086858 0.995138 0.046426
vn 0.257142 0.956550 0.137445
vn 0.417298 0.880972 0.223050
vn 0.561097 0.771507 0.299913
vn 0.683057 0.632562 0.365101
vn 0.778617 0.469628 0.416179
vn 0.844288 0.289003 0.451281
vn 0.877716 0.097547 0.469148
vn 0.877716 -0.097547 0.469148
vn 0.844288 -0.289003 0.451281
vn 0.778617 -0.469629 0.416179
vn 0.683057 -0.632561 0.365101
vn 0.561098 -0.771506 0.299913
vn 0.417297 -0.880972 0.223050
vn 0.257142 -0.956550 0.137445
vn 0.086857 -0.995138 0.046426
vn 0.094246 -0.995138 0.028589
vn 0.279015 -0.956550 0.084638
vn 0.452794 -0.880972 0.137353
vn 0.608826 -0.771506 0.184685
vn 0.741160 -0.632561 0.224829
vn 0.844848 -0.469629 0.256282
vn 0.916106 -0.289003 0.277897
vn 0.952377 -0.097547 0.288900
vn 0.952377 0.097547 0.288900
vn 0.916106 0.289003 0.277897
vn 0.844848 0.469629 0.256282
vn 0.741160 0.632562 0.224828
vn 0.608826 0.771507 0.184685
vn 0.452794 0.880972 0.137353
vn 0.279015 0.956550 0.084638
vn 0.094246 0.995138 0.028589
vn 0.098013 0.995138 0.009653
vn 0.290166 0.956550 0.028579
vn 0.470890 0.880972 0.046378
vn 0.633157 0.771507 0.062360
vn 0.770781 0.632562 0.075915
vn 0.878613 0.469628 0.086536
vn 0.952718 0.289003 0.093834
vn 0.990439 0.097547 0.097549
vn 0.990439 -0.097547 0.097549
vn 0.952718 -0.289003 0.093834
vn 0.878613 -0.469629 0.086536
vn 0.770781 -0.632561 0.075915
vn 0.633158 -0.771506 0.062360
vn 0.470890 -0.880972 0.046378
vn 0.290166 -0.956550 0.028579
vn 0.098012 -0.995138 0.009653
usemtl None_coconut.jpg
s off
f 91/1/1 1/2/1 482/3/1
f 1/2/2 2/4/2 481/5/2 482/3/2
f 480/6/3 481/5/3 2/4/3 3/7/3
f 479/8/4 480/6/4 3/7/4 4/9/4
f 478/10/5 479/8/5 4/9/5 5/11/5
f 477/12/6 478/10/6 5/11/6 6/13/6
f 476/14/7 477/12/7 6/13/7 7/15/7
f 475/16/8 476/14/8 7/15/8 8/17/8
f 474/18/9 475/16/9 8/17/9 9/19/9
f 473/20/10 474/21/10 9/22/10 10/23/10
f 472/24/11 473/20/11 10/23/11 11/25/11
f 471/26/12 472/24/12 11/25/12 12/27/12
f 470/28/13 471/26/13 12/27/13 13/29/13
f 469/30/14 470/28/14 13/29/14 14/31/14
f 468/32/15 469/30/15 14/31/15 15/33/15
f 317/34/16 468/32/16 15/33/16
f 317/34/17 15/33/17 16/35/17
f 15/33/18 14/31/18 17/36/18 16/35/18
f 14/31/19 13/29/19 18/37/19 17/36/19
f 13/29/20 12/27/20 19/38/20 18/37/20
f 12/27/21 11/25/21 20/39/21 19/38/21
f 11/25/22 10/23/22 21/40/22 20/39/22
f 10/23/23 9/22/23 22/41/23 21/40/23
f 9/19/24 8/17/24 23/42/24 22/41/24
f 8/17/25 7/15/25 24/43/25 23/42/25
f 7/15/26 6/13/26 25/44/26 24/43/26
f 6/13/27 5/11/27 26/45/27 25/44/27
f 5/11/28 4/9/28 27/46/28 26/45/28
f 4/9/29 3/7/29 28/47/29 27/46/29
f 3/7/30 2/4/30 29/48/30 28/47/30
f 2/4/31 1/2/31 30/49/31 29/48/31
f 1/2/32 91/1/32 30/49/32
f 30/49/33 91/1/33 31/50/33
f 29/48/34 30/49/34 31/50/34 32/51/34
f 28/47/35 29/48/35 32/51/35 33/52/35
f 27/46/36 28/47/36 33/52/36 34/53/36
f 26/45/37 27/46/37 34/53/37 35/54/37
f 25/44/38 26/45/38 35/54/38 36/55/38
f 24/43/39 25/44/39 36/55/39 37/56/39
f 23/42/40 24/43/40 37/56/40 38/57/40
f 22/41/41 23/42/41 38/57/41 39/58/41
f 21/40/42 22/41/42 39/58/42 40/59/42
f 20/39/43 21/40/43 40/59/43 41/60/43
f 19/38/44 20/39/44 41/60/44 42/61/44
f 18/37/45 19/38/45 42/61/45 43/62/45
f 17/36/46 18/37/46 43/62/46 44/63/46
f 16/35/47 17/36/47 44/63/47 45/64/47
f 317/34/48 16/35/48 45/64/48
f 317/34/49 45/64/49 46/65/49
f 45/64/50 44/63/50 47/66/50 46/65/50
f 44/63/51 43/62/51 48/67/51 47/66/51
f 43/62/52 42/61/52 49/68/52 48/67/52
f 42/61/53 41/60/53 50/69/53 49/68/53
f 41/60/54 40/59/54 51/70/54 50/69/54
f 40/59/55 39/58/55 52/71/55 51/70/55
f 39/58/56 38/57/56 53/72/56 52/71/56
f 38/57/57 37/56/57 54/73/57 53/72/57
f 37/56/58 36/55/58 55/74/58 54/73/58
f 36/55/59 35/54/59 56/75/59 55/74/59
f 35/54/60 34/53/60 57/76/60 56/75/60
f 34/53/61 33/52/61 58/77/61 57/76/61
f 33/52/62 32/51/62 59/78/62 58/77/62
f 32/51/63 31/50/63 60/79/63 59/78/63
f 31/50/64 91/1/64 60/79/64
f 60/79/65 91/1/65 61/80/65
f 59/78/66 60/79/66 61/80/66 62/81/66
f 58/77/67 59/78/67 62/81/67 63/82/67
f 57/76/68 58/77/68 63/82/68 64/83/68
f 56/75/69 57/76/69 64/83/69 65/84/69
f 55/74/70 56/75/70 65/84/70 66/85/70
f 54/73/71 55/74/71 66/85/71 67/86/71
f 53/72/72 54/73/72 67/86/72 68/87/72
f 52/71/73 53/72/73 68/87/73 69/88/73
f 51/70/74 52/71/74 69/88/74 70/89/74
f 50/69/75 51/70/75 70/89/75 71/90/75
f 49/68/76 50/69/76 71/90/76 72/91/76
f 48/67/77 49/68/77 72/91/77 73/92/77
f 47/66/78 48/67/78 73/92/78 74/93/78
f 46/65/79 47/66/79 74/93/79 75/94/79
f 317/34/80 46/65/80 75/94/80
f 317/34/81 75/94/81 76/95/81
f 75/94/82 74/93/82 77/96/82 76/95/82
f 74/93/83 73/92/83 78/97/83 77/96/83
f 73/92/84 72/91/84 79/98/84 78/97/84
f 72/91/85 71/90/85 80/99/85 79/98/85
f 71/90/86 70/89/86 81/100/86 80/99/86
f 70/89/87 69/88/87 82/101/87 81/100/87
f 69/88/88 68/87/88 83/102/88 82/101/88
f 68/87/89 67/86/89 84/103/89 83/102/89
f 67/86/90 66/85/90 85/104/90 84/103/90
f 66/85/91 65/84/91 86/105/91 85/104/91
f 65/84/92 64/83/92 87/106/92 86/105/92
f 64/83/93 63/82/93 88/107/93 87/106/93
f 63/82/94 62/81/94 89/108/94 88/107/94
f 62/81/95 61/80/95 90/109/95 89/108/95
f 61/80/96 91/1/96 90/109/96
f 90/109/97 91/1/97 92/110/97
f 89/108/98 90/109/98 92/110/98 93/111/98
f 88/107/99 89/108/99 93/111/99 94/112/99
f 87/106/100 88/107/100 94/112/100 95/113/100
f 86/105/101 87/106/101 95/113/101 96/114/101
f 85/104/102 86/105/102 96/114/102 97/115/102
f 84/103/103 85/104/103 97/115/103 98/116/103
f 83/102/104 84/103/104 98/116/104 99/117/104
f 82/101/105 83/102/105 99/117/105 100/118/105
f 81/100/106 82/101/106 100/118/106 101/119/106
f 80/99/107 81/100/107 101/119/107 102/120/107
f 79/98/108 80/99/108 102/120/108 103/121/108
f 78/97/109 79/98/109 103/121/109 104/122/109
f 77/96/110 78/97/110 104/122/110 105/123/110
f 76/95/111 77/96/111 105/123/111 106/124/111
f 317/34/112 76/95/112 106/124/112
f 317/34/113 106/124/113 107/125/113
f 106/124/114 105/123/114 108/126/114 107/125/114
f 105/123/115 104/122/115 109/127/115 108/126/115
f 104/122/116 103/121/116 110/128/116 109/127/116
f 103/121/117 102/120/117 111/129/117 110/128/117
f 102/120/118 101/119/118 112/130/118 111/129/118
f 101/119/119 100/118/119 113/131/119 112/130/119
f 100/118/120 99/117/120 114/132/120 113/131/120
f 99/117/121 98/116/121 115/133/121 114/132/121
f 98/116/122 97/115/122 116/134/122 115/133/122
f 97/115/123 96/114/123 117/135/123 116/134/123
f 96/114/124 95/113/124 118/136/124 117/135/124
f 95/113/125 94/112/125 119/137/125 118/136/125
f 94/112/126 93/111/126 120/138/126 119/137/126
f 93/111/127 92/110/127 121/139/127 120/138/127
f 92/110/128 91/1/128 121/139/128
f 121/139/129 91/1/129 122/140/129
f 120/138/130 121/139/130 122/140/130 123/141/130
f 119/137/131 120/138/131 123/141/131 124/142/131
f 118/136/132 119/137/132 124/142/132 125/143/132
f 117/135/133 118/136/133 125/143/133 126/144/133
f 116/134/134 117/135/134 126/144/134 127/145/134
f 115/133/135 116/134/135 127/145/135 128/146/135
f 114/132/136 115/133/136 128/146/136 129/147/136
f 113/131/137 114/132/137 129/147/137 130/148/137
f 112/130/138 113/131/138 130/148/138 131/149/138
f 111/129/139 112/130/139 131/149/139 132/150/139
f 110/128/140 111/129/140 132/150/140 133/151/140
f 109/127/141 110/128/141 133/151/141 134/152/141
f 108/126/142 109/127/142 134/152/142 135/153/142
f 107/125/143 108/126/143 135/153/143 136/154/143
f 317/34/144 107/125/144 136/154/144
f 317/34/145 136/154/145 137/155/145
f 136/154/146 135/153/146 138/156/146 137/155/146
f 135/153/147 134/152/147 139/157/147 138/156/147
f 134/152/148 133/151/148 140/158/148 139/157/148
f 133/151/149 132/150/149 141/159/149 140/158/149
f 132/150/150 131/149/150 142/160/150 141/159/150
f 131/149/151 130/148/151 143/161/151 142/160/151
f 130/148/152 129/147/152 144/162/152 143/161/152
f 129/147/153 128/146/153 145/163/153 144/162/153
f 128/146/154 127/145/154 146/164/154 145/163/154
f 127/145/155 126/144/155 147/165/155 146/164/155
f 126/144/156 125/143/156 148/166/156 147/165/156
f 125/143/157 124/142/157 149/167/157 148/166/157
f 124/142/158 123/141/158 150/168/158 149/167/158
f 123/141/159 122/140/159 151/169/159 150/168/159
f 122/140/160 91/1/160 151/169/160
f 151/169/161 91/1/161 152/170/161
f 150/168/162 151/169/162 152/170/162 153/171/162
f 149/167/163 150/168/163 153/171/163 154/172/163
f 148/166/164 149/167/164 154/172/164 155/173/164
f 147/165/165 148/166/165 155/173/165 156/174/165
f 146/164/166 147/165/166 156/174/166 157/175/166
f 145/163/167 146/164/167 157/175/167 158/176/167
f 144/162/168 145/163/168 158/176/168 159/177/168
f 143/161/169 144/162/169 159/177/169 160/178/169
f 142/160/170 143/161/170 160/178/170 161/179/170
f 141/159/171 142/160/171 161/179/171 162/180/171
f 140/158/172 141/159/172 162/180/172 163/181/172
f 139/157/173 140/158/173 163/181/173 164/182/173
f 138/156/174 139/157/174 164/182/174 165/183/174
f 137/155/175 138/156/175 165/183/175 166/184/175
f 317/34/176 137/155/176 166/184/176
f 317/34/177 166/184/177 167/185/177
f 166/184/178 165/183/178 168/186/178 167/185/178
f 165/183/179 164/182/179 169/187/179 168/186/179
f 164/182/180 163/181/180 170/188/180 169/187/180
f 163/181/181 162/180/181 171/189/181 170/188/181
f 162/180/182 161/179/182 172/190/182 171/189/182
f 161/179/183 160/178/183 173/191/183 172/190/183
f 160/178/184 159/177/184 174/192/184 173/191/184
f 159/177/185 158/176/185 175/193/185 174/192/185
f 158/176/186 157/175/186 176/194/186 175/193/186
f 157/175/187 156/174/187 177/195/187 176/194/187
f 156/174/188 155/173/188 178/196/188 177/195/188
f 155/173/189 154/172/189 179/197/189 178/196/189
f 154/172/190 153/171/190 180/198/190 179/197/190
f 153/171/191 152/170/191 181/199/191 180/198/191
f 152/170/192 91/1/192 181/199/192
f 181/199/193 91/1/193 182/200/193
f 180/198/194 181/199/194 182/200/194 183/201/194
f 179/197/195 180/198/195 183/201/195 184/202/195
f 178/196/196 179/197/196 184/202/196 185/203/196
f 177/195/197 178/196/197 185/203/197 186/204/197
f 176/194/198 177/195/198 186/204/198 187/205/198
f 175/193/199 176/194/199 187/205/199 188/206/199
f 174/192/200 175/193/200 188/206/200 189/207/200
f 173/191/201 174/192/201 189/207/201 190/208/201
f 172/190/202 173/191/202 190/208/202 191/209/202
f 171/189/203 172/190/203 191/209/203 192/210/203
f 170/188/204 171/189/204 192/210/204 193/211/204
f 169/187/205 170/188/205 193/211/205 194/212/205
f 168/186/206 169/187/206 194/212/206 195/213/206
f 167/185/207 168/186/207 195/213/207 196/214/207
f 317/34/208 167/185/208 196/214/208
f 317/34/209 196/214/209 197/215/209
f 196/214/210 195/213/210 198/216/210 197/215/210
f 195/213/211 194/212/211 199/217/211 198/216/211
f 194/212/212 193/211/212 200/218/212 199/217/212
f 193/211/213 192/210/213 201/219/213 200/218/213
f 192/210/214 191/209/214 202/220/214 201/219/214
f 191/209/215 190/208/215 203/221/215 202/220/215
f 190/208/216 189/207/216 204/222/216 203/221/216
f 189/207/217 188/206/217 205/223/217 204/222/217
f 188/206/218 187/205/218 206/224/218 205/223/218
f 187/205/219 186/204/219 207/225/219 206/224/219
f 186/204/220 185/203/220 208/226/220 207/225/220
f 185/203/221 184/202/221 209/227/221 208/226/221
f 184/202/222 183/201/222 210/228/222 209/227/222
f 183/201/223 182/200/223 211/229/223 210/228/223
f 182/200/224 91/1/224 211/229/224
f 211/229/225 91/1/225 212/230/225
f 210/228/226 211/229/226 212/230/226 213/231/226
f 209/227/227 210/228/227 213/231/227 214/232/227
f 208/226/228 209/227/228 214/232/228 215/233/228
f 207/225/229 208/226/229 215/233/229 216/234/229
f 206/224/230 207/225/230 216/234/230 217/235/230
f 205/223/231 206/224/231 217/235/231 218/236/231
f 204/222/232 205/223/232 218/236/232 219/237/232
f 203/221/233 204/222/233 219/237/233 220/238/233
f 202/220/234 203/221/234 220/238/234 221/239/234
f 201/219/235 202/220/235 221/239/235 222/240/235
f 200/218/236 201/219/236 222/240/236 223/241/236
f 199/217/237 200/218/237 223/241/237 224/242/237
f 198/216/238 199/217/238 224/242/238 225/243/238
f 197/215/239 198/216/239 225/243/239 226/244/239
f 317/34/240 197/215/240 226/244/240
f 317/34/241 226/244/241 227/245/241
f 226/244/242 225/243/242 228/246/242 227/245/242
f 225/243/243 224/242/243 229/247/243 228/246/243
f 224/242/244 223/241/244 230/248/244 229/247/244
f 223/241/245 222/240/245 231/249/245 230/248/245
f 222/240/246 221/239/246 232/250/246 231/249/246
f 221/239/247 220/238/247 233/251/247 232/250/247
f 220/238/248 219/237/248 234/252/248 233/251/248
f 219/237/249 218/236/249 235/253/249 234/252/249
f 218/236/250 217/235/250 236/254/250 235/253/250
f 217/235/251 216/234/251 237/255/251 236/254/251
f 216/234/252 215/233/252 238/256/252 237/255/252
f 215/233/253 214/232/253 239/257/253 238/256/253
f 214/232/254 213/231/254 240/258/254 239/257/254
f 213/231/255 212/230/255 241/259/255 240/258/255
f 212/230/256 91/1/256 241/259/256
f 241/259/257 91/1/257 242/260/257
f 240/258/258 241/259/258 242/260/258 243/261/258
f 239/257/259 240/258/259 243/261/259 244/262/259
f 238/256/260 239/257/260 244/262/260 245/263/260
f 237/255/261 238/256/261 245/263/261 246/264/261
f 236/254/262 237/255/262 246/264/262 247/265/262
f 235/253/263 236/254/263 247/265/263 248/266/263
f 234/252/264 235/253/264 248/266/264 249/267/264
f 233/251/265 234/252/265 249/267/265 250/268/265
f 232/250/266 233/251/266 250/268/266 251/269/266
f 231/249/267 232/250/267 251/269/267 252/270/267
f 230/248/268 231/249/268 252/270/268 253/271/268
f 229/247/269 230/248/269 253/271/269 254/272/269
f 228/246/270 229/247/270 254/272/270 255/273/270
f 227/245/271 228/246/271 255/273/271 256/274/271
f 317/34/272 227/245/272 256/274/272
f 317/34/273 256/274/273 257/275/273
f 256/274/274 255/273/274 258/276/274 257/275/274
f 255/273/275 254/272/275 259/277/275 258/276/275
f 254/272/276 253/271/276 260/278/276 259/277/276
f 253/271/277 252/270/277 261/279/277 260/278/277
f 252/270/278 251/269/278 262/280/278 261/279/278
f 251/269/279 250/268/279 263/281/279 262/280/279
f 250/268/280 249/267/280 264/282/280 263/281/280
f 249/267/281 248/266/281 265/283/281 264/282/281
f 248/266/282 247/265/282 266/284/282 265/283/282
f 247/265/283 246/264/283 267/285/283 266/286/283
f 246/264/284 245/263/284 268/287/284 267/285/284
f 245/263/285 244/262/285 269/288/285 268/287/285
f 244/262/286 243/261/286 270/289/286 269/288/286
f 243/261/287 242/260/287 271/290/287 270/289/287
f 242/260/288 91/1/288 271/290/288
f 271/290/289 91/1/289 272/291/289
f 270/289/290 271/290/290 272/291/290 273/292/290
f 269/288/291 270/289/291 273/292/291 274/293/291
f 268/287/292 269/288/292 274/293/292 275/294/292
f 267/285/293 268/287/293 275/294/293 276/295/293
f 266/286/294 267/285/294 276/295/294 277/296/294
f 265/297/295 266/286/295 277/296/295 278/298/295
f 264/299/296 265/297/296 278/298/296 279/300/296
f 263/301/297 264/299/297 279/300/297 280/302/297
f 262/303/298 263/301/298 280/302/298 281/304/298
f 261/305/299 262/303/299 281/304/299 282/306/299
f 260/278/300 261/279/300 282/307/300 283/308/300
f 259/277/301 260/278/301 283/308/301 284/309/301
f 258/276/302 259/277/302 284/309/302 285/310/302
f 257/275/303 258/276/303 285/310/303 286/311/303
f 317/34/304 257/275/304 286/311/304
f 317/34/305 286/311/305 287/312/305
f 286/311/306 285/310/306 288/313/306 287/312/306
f 285/310/307 284/309/307 289/314/307 288/313/307
f 284/315/308 283/316/308 290/317/308 289/318/308
f 283/316/309 282/306/309 291/319/309 290/317/309
f 282/306/310 281/304/310 292/320/310 291/319/310
f 281/304/311 280/302/311 293/321/311 292/320/311
f 280/302/312 279/300/312 294/322/312 293/321/312
f 279/300/313 278/298/313 295/323/313 294/322/313
f 278/298/314 277/296/314 296/324/314 295/323/314
f 277/296/315 276/295/315 297/325/315 296/324/315
f 276/295/316 275/294/316 298/326/316 297/325/316
f 275/294/317 274/293/317 299/327/317 298/326/317
f 274/293/318 273/292/318 300/328/318 299/327/318
f 273/292/319 272/291/319 301/329/319 300/328/319
f 272/291/320 91/1/320 301/329/320
f 301/329/321 91/1/321 302/330/321
f 300/328/322 301/329/322 302/330/322 303/331/322
f 299/327/323 300/328/323 303/331/323 304/332/323
f 298/326/324 299/327/324 304/332/324 305/333/324
f 297/325/325 298/326/325 305/333/325 306/334/325
f 296/324/326 297/325/326 306/334/326 307/335/326
f 295/323/327 296/324/327 307/335/327 308/336/327
f 294/322/328 295/323/328 308/336/328 309/337/328
f 293/321/329 294/322/329 309/337/329 310/338/329
f 292/320/330 293/321/330 310/338/330 311/339/330
f 291/319/331 292/320/331 311/339/331 312/340/331
f 290/317/332 291/319/332 312/340/332 313/341/332
f 289/318/333 290/317/333 313/341/333 314/342/333
f 288/343/334 289/318/334 314/342/334 315/344/334
f 287/312/335 288/313/335 315/345/335 316/346/335
f 317/34/336 287/312/336 316/346/336
f 317/34/337 316/346/337 318/347/337
f 316/346/338 315/345/338 319/348/338 318/347/338
f 315/344/339 314/342/339 320/349/339 319/350/339
f 314/342/340 313/341/340 321/351/340 320/349/340
f 313/341/341 312/340/341 322/352/341 321/351/341
f 312/340/342 311/339/342 323/353/342 322/352/342
f 311/339/343 310/338/343 324/354/343 323/353/343
f 310/338/344 309/337/344 325/355/344 324/354/344
f 309/337/345 308/336/345 326/356/345 325/355/345
f 308/336/346 307/335/346 327/357/346 326/356/346
f 307/335/347 306/334/347 328/358/347 327/357/347
f 306/334/348 305/333/348 329/359/348 328/358/348
f 305/333/349 304/332/349 330/360/349 329/359/349
f 304/332/350 303/331/350 331/361/350 330/360/350
f 303/331/351 302/330/351 332/362/351 331/361/351
f 302/330/352 91/1/352 332/362/352
f 332/362/353 91/1/353 333/363/353
f 331/361/354 332/362/354 333/363/354 334/364/354
f 330/360/355 331/361/355 334/364/355 335/365/355
f 329/359/356 330/360/356 335/365/356 336/366/356
f 328/358/357 329/359/357 336/366/357 337/367/357
f 327/357/358 328/358/358 337/367/358 338/368/358
f 326/356/359 327/357/359 338/368/359 339/369/359
f 325/355/360 326/356/360 339/369/360 340/370/360
f 324/354/361 325/355/361 340/370/361 341/371/361
f 323/353/362 324/354/362 341/371/362 342/372/362
f 322/352/363 323/353/363 342/372/363 343/373/363
f 321/351/364 322/352/364 343/373/364 344/374/364
f 320/349/365 321/351/365 344/374/365 345/375/365
f 319/350/366 320/349/366 345/375/366 346/376/366
f 318/347/367 319/348/367 346/377/367 347/378/367
f 317/34/368 318/347/368 347/378/368
f 317/34/369 347/378/369 348/379/369
f 347/380/370 346/376/370 349/381/370 348/382/370
f 346/376/371 345/375/371 350/383/371 349/381/371
f 345/375/372 344/374/372 351/384/372 350/383/372
f 344/374/373 343/373/373 352/385/373 351/384/373
f 343/373/374 342/372/374 353/386/374 352/385/374
f 342/372/375 341/371/375 354/387/375 353/386/375
f 341/371/376 340/370/376 355/388/376 354/387/376
f 340/370/377 339/369/377 356/389/377 355/388/377
f 339/369/378 338/368/378 357/390/378 356/389/378
f 338/368/379 337/367/379 358/391/379 357/390/379
f 337/367/380 336/366/380 359/392/380 358/391/380
f 336/366/381 335/365/381 360/393/381 359/392/381
f 335/365/382 334/364/382 361/394/382 360/393/382
f 334/364/383 333/363/383 362/395/383 361/394/383
f 333/363/384 91/1/384 362/395/384
f 362/395/385 91/1/385 363/396/385
f 361/394/386 362/395/386 363/396/386 364/397/386
f 360/393/387 361/394/387 364/397/387 365/398/387
f 359/392/388 360/393/388 365/398/388 366/399/388
f 358/391/389 359/392/389 366/399/389 367/400/389
f 357/390/390 358/391/390 367/400/390 368/401/390
f 356/389/391 357/390/391 368/401/391 369/402/391
f 355/388/392 356/389/392 369/402/392 370/403/392
f 354/387/393 355/388/393 370/403/393 371/404/393
f 353/386/394 354/387/394 371/404/394 372/405/394
f 352/385/395 353/386/395 372/405/395 373/406/395
f 351/384/396 352/385/396 373/406/396 374/407/396
f 350/383/397 351/384/397 374/407/397 375/408/397
f 349/381/398 350/383/398 375/408/398 376/409/398
f 348/382/399 349/381/399 376/409/399 377/410/399
f 317/34/400 348/379/400 377/411/400
f 317/34/401 377/411/401 378/412/401
f 377/410/402 376/409/402 379/413/402 378/414/402
f 376/409/403 375/408/403 380/415/403 379/413/403
f 375/408/404 374/407/404 381/416/404 380/415/404
f 374/407/405 373/406/405 382/417/405 381/416/405
f 373/406/406 372/405/406 383/418/406 382/417/406
f 372/405/407 371/404/407 384/419/407 383/418/407
f 371/404/408 370/403/408 385/420/408 384/419/408
f 370/403/409 369/402/409 386/421/409 385/420/409
f 369/402/410 368/401/410 387/422/410 386/421/410
f 368/401/411 367/400/411 388/423/411 387/422/411
f 367/400/412 366/399/412 389/424/412 388/423/412
f 366/399/413 365/398/413 390/425/413 389/424/413
f 365/398/414 364/397/414 391/426/414 390/425/414
f 364/397/415 363/396/415 392/427/415 391/426/415
f 363/396/416 91/1/416 392/427/416
f 392/427/417 91/1/417 393/428/417
f 391/426/418 392/427/418 393/428/418 394/429/418
f 390/425/419 391/426/419 394/429/419 395/430/419
f 389/424/420 390/425/420 395/430/420 396/431/420
f 388/423/421 389/424/421 396/431/421 397/432/421
f 387/422/422 388/423/422 397/432/422 398/433/422
f 386/421/423 387/422/423 398/433/423 399/434/423
f 385/420/424 386/421/424 399/434/424 400/435/424
f 384/419/425 385/420/425 400/435/425 401/436/425
f 383/418/426 384/419/426 401/436/426 402/437/426
f 382/417/427 383/418/427 402/437/427 403/438/427
f 381/416/428 382/417/428 403/438/428 404/439/428
f 380/415/429 381/416/429 404/439/429 405/440/429
f 379/413/430 380/415/430 405/440/430 406/441/430
f 378/414/431 379/413/431 406/441/431 407/442/431
f 317/34/432 378/412/432 407/443/432
f 317/34/433 407/443/433 408/444/433
f 407/442/434 406/441/434 409/445/434 408/446/434
f 406/441/435 405/440/435 410/447/435 409/445/435
f 405/440/436 404/439/436 411/448/436 410/447/436
f 404/439/437 403/438/437 412/449/437 411/448/437
f 403/438/438 402/437/438 413/450/438 412/449/438
f 402/437/439 401/436/439 414/451/439 413/450/439
f 401/436/440 400/435/440 415/452/440 414/451/440
f 400/435/441 399/434/441 416/453/441 415/452/441
f 399/434/442 398/433/442 417/454/442 416/453/442
f 398/433/443 397/432/443 418/455/443 417/454/443
f 397/432/444 396/431/444 419/456/444 418/455/444
f 396/431/445 395/430/445 420/457/445 419/456/445
f 395/430/446 394/429/446 421/458/446 420/457/446
f 394/429/447 393/428/447 422/459/447 421/458/447
f 393/428/448 91/1/448 422/459/448
f 422/459/449 91/1/449 423/460/449
f 421/458/450 422/459/450 423/460/450 424/461/450
f 420/457/451 421/458/451 424/461/451 425/462/451
f 419/456/452 420/457/452 425/462/452 426/463/452
f 418/455/453 419/456/453 426/463/453 427/464/453
f 417/454/454 418/455/454 427/464/454 428/465/454
f 416/453/455 417/454/455 428/465/455 429/466/455
f 415/452/456 416/453/456 429/466/456 430/467/456
f 414/451/457 415/452/457 430/467/457 431/468/457
f 413/450/458 414/451/458 431/468/458 432/469/458
f 412/449/459 413/450/459 432/469/459 433/470/459
f 411/448/460 412/449/460 433/470/460 434/471/460
f 410/447/461 411/448/461 434/471/461 435/472/461
f 409/445/462 410/447/462 435/472/462 436/473/462
f 408/444/463 409/474/463 436/475/463 437/476/463
f 317/34/464 408/444/464 437/476/464
f 317/34/465 437/476/465 438/477/465
f 437/476/466 436/475/466 439/478/466 438/477/466
f 436/473/467 435/472/467 440/479/467 439/480/467
f 435/472/468 434/471/468 441/481/468 440/479/468
f 434/471/469 433/470/469 442/482/469 441/481/469
f 433/470/470 432/469/470 443/483/470 442/482/470
f 432/469/471 431/468/471 444/484/471 443/483/471
f 431/468/472 430/467/472 445/485/472 444/484/472
f 430/467/473 429/466/473 446/486/473 445/485/473
f 429/466/474 428/465/474 447/487/474 446/486/474
f 428/465/475 427/464/475 448/488/475 447/487/475
f 427/464/476 426/463/476 449/489/476 448/488/476
f 426/463/477 425/462/477 450/490/477 449/489/477
f 425/462/478 424/461/478 451/491/478 450/490/478
f 424/461/479 423/460/479 452/492/479 451/491/479
f 423/460/480 91/1/480 452/492/480
f 452/492/481 91/1/481 453/493/481
f 451/491/482 452/492/482 453/493/482 454/494/482
f 450/490/483 451/491/483 454/494/483 455/495/483
f 449/489/484 450/490/484 455/495/484 456/496/484
f 448/488/485 449/489/485 456/496/485 457/497/485
f 447/487/486 448/488/486 457/497/486 458/498/486
f 446/486/487 447/487/487 458/498/487 459/499/487
f 445/485/488 446/486/488 459/499/488 460/500/488
f 444/484/489 445/485/489 460/500/489 461/501/489
f 443/483/490 444/484/490 461/501/490 462/502/490
f 442/482/491 443/483/491 462/502/491 463/503/491
f 441/481/492 442/482/492 463/503/492 464/504/492
f 440/479/493 441/481/493 464/504/493 465/505/493
f 439/480/494 440/479/494 465/505/494 466/506/494
f 438/477/495 439/478/495 466/507/495 467/508/495
f 317/34/496 438/477/496 467/508/496
f 317/34/497 467/508/497 468/32/497
f 467/508/498 466/507/498 469/30/498 468/32/498
f 466/507/499 465/509/499 470/28/499 469/30/499
f 465/505/500 464/504/500 471/510/500 470/511/500
f 464/504/501 463/503/501 472/512/501 471/510/501
f 463/503/502 462/502/502 473/513/502 472/512/502
f 462/502/503 461/501/503 474/18/503 473/513/503
f 461/501/504 460/500/504 475/16/504 474/18/504
f 460/500/505 459/499/505 476/14/505 475/16/505
f 459/499/506 458/498/506 477/12/506 476/14/506
f 458/498/507 457/497/507 478/10/507 477/12/507
f 457/497/508 456/496/508 479/8/508 478/10/508
f 456/496/509 455/495/509 480/6/509 479/8/509
f 455/495/510 454/494/510 481/5/510 480/6/510
f 454/494/511 453/493/511 482/3/511 481/5/511
f 453/493/512 91/1/512 482/3/512
