# Blender v2.58 (sub 1) OBJ File: 'CrossBow.blend'
# www.blender.org
mtllib cross1.mtl
o Cylinder
v 4.173402 4.242286 -0.497487
v 3.449186 3.518397 -0.519263
v 3.449186 4.242286 -0.497488
v 4.173402 3.496621 0.204626
v 3.449186 3.496622 0.204626
v 3.449186 4.220510 0.226401
v 4.173403 4.220510 0.226401
v 4.173403 4.199214 -0.537559
v 4.173402 4.261282 0.183992
v 3.449186 4.261283 0.183992
v 3.449186 4.199214 -0.537559
v 3.449186 3.539731 0.246061
v 3.449186 3.477663 -0.475491
v 4.173402 3.518397 -0.519263
v 4.173402 3.539731 0.246061
v 4.173402 3.477663 -0.475491
v 1.523077 4.103049 0.052040
v 1.523077 3.670036 0.089288
v 1.523077 4.065801 -0.380973
v 1.523077 3.644165 0.064422
v 1.523077 4.091649 -0.356925
v 1.523077 4.078581 0.077490
v 1.523077 3.657233 -0.369993
v 1.523077 3.632788 -0.343725
v 1.102706 3.636209 0.129482
v 1.102706 3.605918 0.100436
v 1.102706 3.592593 -0.377552
v 1.102706 4.114594 0.115737
v 1.102706 4.099627 -0.421167
v 1.102706 3.860256 0.108087
v 1.102706 3.846111 -0.399359
v 1.102706 4.114594 0.115737
v 1.102706 4.099627 -0.421167
v 1.102706 4.122245 -0.138601
v 1.102706 4.121435 -0.167650
v 1.102706 4.129896 -0.392939
v 1.102706 4.143243 0.085867
v 1.102706 3.605918 0.100436
v 1.102706 3.592593 -0.377552
v 1.102706 3.613569 -0.153902
v 1.102706 3.614401 -0.124035
v 1.102706 3.621219 -0.408241
v 1.102706 3.860256 0.108087
v 1.102706 3.846111 -0.399359
v 1.102706 3.875558 -0.400590
v 1.102706 3.889726 0.107675
v 0.855821 3.610262 -0.419878
v 0.855821 3.625917 0.141712
v 0.855821 3.875898 -0.411887
v 0.855821 3.890695 0.118936
v 0.855821 4.141533 -0.403897
v 0.855821 4.155473 0.096159
v 0.855821 3.859916 0.119384
v 0.855821 3.845142 -0.410620
v 0.855821 4.125552 0.127375
v 0.855821 4.109920 -0.433397
v 0.855821 3.594280 0.111393
v 0.855821 3.580364 -0.387844
v 0.855821 3.602271 -0.154242
v 0.855821 3.603140 -0.123066
v 0.855821 4.133543 -0.138261
v 0.855821 4.132697 -0.168619
v 0.435449 4.176364 -0.136973
v 0.435449 4.175380 -0.172290
v 0.435449 4.167086 0.171485
v 0.435449 4.148932 -0.479752
v 0.435449 4.185643 -0.445430
v 0.435449 4.201828 0.135171
v 0.435449 3.559449 -0.155530
v 0.435449 3.560457 -0.119394
v 0.435449 3.550171 0.152927
v 0.435449 3.534009 -0.426856
v 0.435449 3.568728 -0.463988
v 0.435449 3.586905 0.188067
v 0.435449 3.858628 0.162206
v 0.435449 3.841470 -0.453304
v 0.435449 3.877186 -0.454709
v 0.435449 3.894367 0.161619
v -0.872373 3.877186 -0.454709
v -0.872373 3.894367 0.161619
v -0.872373 3.586905 0.188067
v -0.872373 4.201828 0.135171
v -0.872373 3.858629 0.162206
v -0.872373 3.841471 -0.453304
v -0.872373 4.167086 0.171485
v -0.872373 4.148932 -0.479752
v -0.872373 3.550171 0.152927
v -0.872373 3.534009 -0.426856
v -0.872373 3.560457 -0.119394
v -0.872373 4.176365 -0.136973
v -0.872373 4.175380 -0.172290
v -0.872373 4.167086 0.171485
v -0.872373 4.148932 -0.479752
v -0.872373 4.185644 -0.445430
v -0.872373 3.559450 -0.155531
v -0.872373 3.550171 0.152927
v -0.872373 3.534009 -0.426856
v -0.872373 3.568729 -0.463988
v -0.872373 3.858629 0.162206
v -0.872373 3.841471 -0.453304
v -2.254775 3.881293 -0.539970
v -2.254775 3.903217 0.246519
v -2.254775 3.487755 -0.551808
v -2.254775 3.510950 0.280262
v -2.254775 4.274832 -0.528132
v -2.254775 4.295485 0.212776
v -2.254775 4.251155 0.258945
v -2.254775 4.227999 -0.571760
v -2.254775 3.857617 0.247107
v -2.254775 3.835731 -0.538017
v -2.254775 3.464079 0.235269
v -2.254775 3.443463 -0.504274
v -2.254775 3.475917 -0.158270
v -2.254775 3.477206 -0.112006
v -2.254775 4.262994 -0.134593
v -2.254775 4.261742 -0.179492
v -2.399319 4.251155 0.258945
v -2.399319 4.227999 -0.571760
v -2.399319 4.262994 -0.134593
v -2.399319 4.261742 -0.179492
v -2.399319 4.274832 -0.528132
v -2.399319 3.464079 0.235269
v -2.399319 3.487755 -0.551808
v -2.399319 3.510950 0.280262
v -2.399319 3.857617 0.247107
v -2.399319 3.835731 -0.538017
v -2.399319 3.881293 -0.539970
v -2.399319 3.903217 0.246519
v -2.399319 4.295485 0.212776
v -2.399319 4.251155 0.258945
v -2.399319 4.227999 -0.571760
v -3.743913 4.289559 0.528706
v -3.743913 4.264898 -0.854729
v -3.743913 4.302163 -0.126479
v -3.743913 4.300823 -0.201659
v -3.743913 4.314767 -0.781664
v -3.743913 4.336748 0.451410
v -3.743913 3.847266 -0.798551
v -3.743913 3.895782 -0.801373
v -3.743913 3.919116 0.507588
v -3.943758 3.889972 -0.499356
v -3.943758 3.902556 0.206546
v -3.944837 3.538457 -0.497962
v -3.944837 3.558573 0.223674
v -3.943758 4.115820 -0.488733
v -3.943758 4.127675 0.176264
v -3.943758 4.102232 0.217604
v -3.943758 4.088945 -0.527791
v -3.944837 3.859190 0.194833
v -3.943758 3.863826 -0.497510
v -3.944837 3.517926 0.184567
v -3.944837 3.500051 -0.456650
v -3.944837 3.528191 -0.156697
v -3.944837 3.529312 -0.116488
v -3.943758 4.109026 -0.135564
v -3.943758 4.108310 -0.175764
v -4.044906 4.210720 -0.136166
v -4.044906 4.209637 -0.175010
v -4.044906 4.200454 0.205098
v -4.044906 4.180376 -0.515172
v -4.044906 4.220985 -0.477430
v -4.044906 4.238898 0.165152
v -4.044906 3.528191 -0.156697
v -4.044906 3.529312 -0.116488
v -4.044906 3.517926 0.184567
v -4.044906 3.500051 -0.456650
v -4.044906 3.538457 -0.497962
v -4.044906 3.558573 0.223674
v -4.044906 3.859190 0.194833
v -4.044906 3.840214 -0.485911
v -4.044906 3.879721 -0.487696
v -4.044906 3.898736 0.194413
v -4.044906 3.869456 -0.146432
v -4.044906 3.869475 -0.145749
v -2.399319 3.956515 -3.040576
v -2.399319 4.117627 2.739050
v -2.399319 3.562976 -3.052414
v -2.399319 3.725359 2.772794
v -2.399319 4.350053 -3.028738
v -2.399319 4.509895 2.705307
v -2.254775 3.562976 -3.052414
v -2.254775 3.725359 2.772794
v -2.254775 4.350053 -3.028738
v -2.254775 4.509895 2.705307
v -2.254775 3.956515 -3.040576
v -2.254775 4.117627 2.739050
v -2.254775 3.579425 -3.599213
v -2.254775 3.772243 3.317827
v -2.254775 3.972963 -3.587375
v -2.254775 4.164511 3.284084
v -2.254775 4.366502 -3.575536
v -2.254775 4.556779 3.250341
v -2.399319 4.366502 -3.575536
v -2.399319 4.556779 3.250341
v -2.399319 3.579425 -3.599213
v -2.399319 3.772243 3.317827
v -2.399319 3.972963 -3.587375
v -2.399319 4.164511 3.284084
v -2.687520 3.980586 -3.840770
v -2.687520 4.186238 3.536661
v -2.687520 3.587047 -3.852608
v -2.687520 3.793970 3.570404
v -2.687520 4.374125 -3.828932
v -2.687520 4.578506 3.502918
v -2.542974 3.587047 -3.852608
v -2.542974 3.793970 3.570404
v -2.542974 4.374125 -3.828932
v -2.542974 4.578506 3.502918
v -2.542974 3.980586 -3.840770
v -2.542974 4.186238 3.536661
v -2.459309 4.550934 3.182393
v -2.747509 4.372074 -3.760763
v -2.747509 4.572661 3.434970
v -2.747509 3.978535 -3.772602
v -2.747509 4.180393 3.468713
v -2.459309 3.970913 -3.519207
v -2.459309 4.158666 3.216136
v -2.459309 4.364451 -3.507368
v -2.459309 3.577374 -3.531045
v -2.459309 3.766398 3.249879
v -2.747509 3.584997 -3.784440
v -2.747509 3.788125 3.502456
v -2.399319 3.759746 -3.046495
v -2.399319 3.921493 2.755922
v -2.399319 4.153284 -3.034657
v -2.399319 4.313761 2.722179
v -2.399319 4.358278 -3.302137
v -2.399319 4.533337 2.977824
v -2.399319 3.571201 -3.325813
v -2.399319 3.748801 3.045311
v -2.399319 3.964739 -3.313975
v -2.399319 4.141069 3.011567
v -2.399319 4.169733 -3.581455
v -2.399319 4.360645 3.267212
v -2.399319 3.776194 -3.593294
v -2.399319 3.968377 3.300956
v -2.399319 4.161509 -3.308056
v -2.399319 4.337203 2.994695
v -2.399319 3.767970 -3.319894
v -2.399319 3.944935 3.028439
v -2.599457 3.940192 -3.313975
v -2.599457 4.141069 3.011567
v -2.599457 3.833635 -3.319895
v -2.599457 3.944935 3.028439
v -2.599457 3.727077 -3.325814
v -2.599457 3.748801 3.045311
v -2.599457 4.153306 -3.302137
v -2.599457 4.533337 2.977824
v -2.599457 4.046749 -3.308056
v -2.599457 4.337203 2.994695
v -2.599457 3.722624 -3.052414
v -2.599457 3.725359 2.772794
v -2.599457 4.148852 -3.028738
v -2.599457 4.509895 2.705307
v -2.599457 4.042295 -3.034657
v -2.599457 4.313761 2.722179
v -2.599457 3.935738 -3.040576
v -2.599457 4.117627 2.739050
v -2.599457 3.829181 -3.046495
v -2.599457 3.921493 2.755922
v -3.555668 3.896271 -0.617786
v -3.555668 3.789714 -0.623705
v -3.555668 3.687610 -0.903024
v -3.555668 3.900725 -0.891186
v -3.555668 3.794168 -0.897105
v 1.523077 4.091649 -0.356925
v 1.523077 3.657233 -0.369993
v 1.523077 3.632788 -0.343725
v 1.523077 4.065801 -0.380973
v 2.486132 3.587815 -0.444628
v 2.486131 3.555225 -0.409608
v 1.523077 3.849294 -0.362349
v 1.523077 3.874441 -0.363459
v 1.495015 3.617696 -0.477445
v 2.458069 3.540133 -0.543328
v 1.495015 3.642141 -0.503714
v 2.458070 3.572723 -0.578349
v 1.495015 3.642141 -0.503714
v 1.495015 3.859349 -0.497180
v 1.495015 4.076557 -0.490646
v 1.495015 4.050709 -0.514693
v 1.495015 3.834202 -0.496069
v 1.495015 3.617696 -0.477445
v 1.495015 4.050709 -0.514693
v 1.495015 4.076557 -0.490646
v 3.421124 3.503305 -0.652984
v 4.145340 3.503305 -0.652984
v 4.145340 4.227194 -0.631208
v 3.421124 4.227194 -0.631208
v 3.421124 3.462571 -0.609211
v 3.421124 4.184123 -0.671280
v 4.145340 4.184122 -0.671280
v 4.145340 3.462571 -0.609211
v 4.145340 4.227194 -0.631208
v 3.421124 4.227194 -0.631208
v 3.421124 4.184123 -0.671280
v 4.145340 4.184122 -0.671280
v 3.421124 3.462571 -0.609211
v 4.145340 3.462571 -0.609211
v 1.495015 4.050709 -0.514693
v 1.495015 3.617696 -0.477445
v 1.495015 3.642141 -0.503714
v 3.421124 3.503305 -0.652984
v 1.495015 4.076557 -0.490646
v 4.145340 3.503305 -0.652984
v 1.495015 4.076557 -0.490646
v 1.495015 4.050709 -0.514693
v 2.458070 3.572723 -0.578349
v 1.495015 3.642141 -0.503714
v 2.458069 3.540133 -0.543328
v 1.495015 3.617696 -0.477445
v 1.495015 3.834202 -0.496069
v 1.495015 3.859349 -0.497180
v -2.400514 3.630570 -0.565705
v -2.400514 3.891012 -0.553454
v -2.400514 3.645920 0.295389
v -2.400514 3.905522 0.260469
v -2.400514 4.151455 -0.541203
v -2.400514 4.142793 -0.180402
v -2.400514 4.165124 0.225549
v -2.400514 4.143621 -0.133937
v -2.400514 4.135787 0.273329
v -2.400514 4.120461 -0.586353
v -3.555668 4.113839 -0.879347
v -3.555668 4.007282 -0.885267
v -3.555668 3.683157 -0.629624
v -3.555668 4.109385 -0.605948
v -3.555668 4.002828 -0.611867
v -3.943758 3.638707 -0.467228
v -3.943758 3.658072 -0.115200
v -3.943758 3.650537 0.196356
v -3.943758 3.657331 -0.156812
v -3.943758 3.677437 0.236828
v -3.943758 3.664124 -0.509980
v -3.943758 3.863826 -0.497510
v -3.943758 3.876384 0.206980
v -3.743913 4.289559 0.528706
v -3.943758 4.102232 0.217604
v -3.743913 3.847266 -0.798551
v -3.943758 3.902556 0.206546
v -3.943758 3.889972 -0.499356
v -3.743913 3.919116 0.507588
v -3.743913 3.895782 -0.801373
v -3.743913 4.336748 0.451410
v -3.743913 4.314767 -0.781664
v -3.743913 4.264898 -0.854729
v -3.743913 4.300823 -0.201659
v -3.743913 4.302163 -0.126479
v -2.400514 4.120461 -0.586353
v -2.400514 4.135787 0.273329
v -2.400514 3.860859 -0.551433
v -2.400514 3.875344 0.261078
v -2.254775 3.835731 -0.538017
v -2.400514 3.614901 0.248826
v -2.254775 3.510950 0.280262
v -2.254775 3.487755 -0.551808
v -2.254775 3.464079 0.235269
v -2.254775 3.443463 -0.504274
v -2.254775 3.477206 -0.112006
v -2.254775 3.475917 -0.158270
v 2.458070 4.151875 -0.560927
v 3.421124 4.227194 -0.631208
v 3.421124 3.503305 -0.652984
v 3.421124 3.462571 -0.609211
v 2.458070 4.117415 -0.592987
v 3.421124 4.184123 -0.671280
v 3.421124 3.823347 -0.640246
v 3.421124 3.865250 -0.642096
v 2.458070 3.828774 -0.568158
v 2.458070 3.862299 -0.569638
v -3.743913 3.465559 -0.089304
v -3.743913 3.429634 -0.742374
v -3.743913 3.451590 0.489288
v -3.743913 3.464193 -0.165897
v -3.743913 3.501484 0.563765
v -3.743913 3.476797 -0.821082
v -3.743913 3.870575 0.508997
v -3.222096 3.501484 0.563765
v -3.222096 3.476797 -0.821082
v -3.222096 4.336748 0.451410
v -3.222096 4.314767 -0.781664
v -3.222096 4.264898 -0.854729
v -3.222096 4.289559 0.528706
v -3.222096 3.429634 -0.742374
v -3.222096 3.451590 0.489288
v -3.222096 3.465559 -0.089304
v -3.222096 3.464193 -0.165897
v -3.222096 4.300823 -0.201660
v -3.222096 4.302163 -0.126479
v -2.567051 4.264898 -0.854729
v -2.567051 4.300823 -0.201660
v -2.567051 4.302163 -0.126479
v -2.567051 4.289559 0.528706
v -2.567051 4.336748 0.451410
v -2.567051 4.314767 -0.781664
v -2.567051 3.465558 -0.089304
v -2.567051 3.429633 -0.742374
v -2.567051 3.451589 0.489288
v -2.567051 3.464193 -0.165897
v -2.567051 3.501483 0.563765
v -2.567051 3.476797 -0.821082
v -2.567051 3.847265 -0.798551
v -2.567051 3.870574 0.508997
v -2.567051 3.919116 0.507588
v -2.567051 3.895782 -0.801373
v -2.400514 3.860859 -0.551433
v -2.400514 3.875344 0.261078
v -2.400514 3.601258 -0.516512
v -2.400514 3.614901 0.248826
v -2.400514 3.623589 -0.110562
v -2.400514 3.622735 -0.158439
v -2.400514 3.601258 -0.516512
v -2.599457 4.117627 2.739050
v -2.599457 3.921493 2.755922
v -2.599457 3.725359 2.772794
v -2.599457 4.313761 2.722179
v -2.599457 4.509895 2.705307
v -2.599457 4.533337 2.977824
v -2.599457 3.748801 3.045311
v -2.599457 4.141069 3.011567
v -2.599457 4.337203 2.994695
v -2.599457 3.944935 3.028439
v -2.599457 3.929467 3.110095
v -2.599457 4.035680 3.093223
v -2.599457 3.823254 3.126967
v -2.599457 4.141893 3.076352
v -2.599457 4.248106 3.059480
v -2.599457 3.810560 2.854450
v -2.599457 4.235412 2.786963
v -2.599457 4.129199 2.803835
v -2.599457 4.022985 2.820706
v -2.599457 3.916773 2.837579
v -3.555668 3.804276 0.422611
v -3.555668 3.910489 0.405739
v -3.555668 3.698063 0.439483
v -3.555668 4.016702 0.388868
v -3.555668 4.122915 0.371996
v -3.555668 4.135610 0.644513
v -3.555668 3.710758 0.711999
v -3.555668 4.029397 0.661385
v -3.555668 3.923184 0.678256
v -3.555668 3.816971 0.695128
v -3.555668 3.816971 0.695128
v -3.555668 3.923184 0.678256
v -3.555668 3.710758 0.711999
v -3.555668 4.029397 0.661385
v -3.555668 4.135610 0.644513
v -3.555668 3.698063 0.439483
v -3.555668 4.302158 0.371996
v -3.555668 4.122915 0.371996
v -3.555668 4.302158 0.371996
v -3.555668 4.135610 0.644513
v -3.555668 3.698063 0.439483
v -3.555668 3.710758 0.711999
v -3.555668 3.923184 0.678256
v -3.555668 4.029397 0.661385
v -3.555668 3.816971 0.695128
v -3.555668 4.016702 0.388868
v -3.555668 3.910489 0.405739
v -3.555668 3.804276 0.422611
v -3.555668 3.804276 0.422611
v -3.555668 3.910489 0.405739
v -3.555668 4.016702 0.388868
v -3.555668 3.698063 0.439483
v -3.555668 3.804276 0.422611
v -3.555668 3.698063 0.439483
v -3.555668 3.698063 0.439483
v -3.555668 3.698063 0.439483
v -3.555668 3.698063 0.439483
v -3.555668 3.804276 0.422611
v -2.567051 3.476797 -0.821082
v -2.567051 3.895782 -0.801373
v -2.567051 3.501483 0.563765
v -2.567051 3.919116 0.507588
v -2.567051 4.314767 -0.781664
v -2.567051 4.336748 0.451410
v -2.567051 4.289559 0.528706
v -2.567051 3.870574 0.508997
v -2.567051 4.264898 -0.854729
v -2.567051 3.847265 -0.798551
v -2.567051 3.451589 0.489288
v -2.567051 3.429633 -0.742374
v -3.222096 3.476797 -0.821082
v -3.222096 3.501484 0.563765
v -3.222096 3.451590 0.489288
v -3.222096 3.429634 -0.742374
v -3.222096 4.314767 -0.781664
v -3.222096 4.336748 0.451410
v -3.222096 4.289559 0.528706
v -3.222096 4.264898 -0.854729
v -3.743913 3.451590 0.489288
v -3.743913 3.429634 -0.742374
v -3.743913 4.289559 0.528706
v -3.743913 4.264898 -0.854729
v -3.743913 4.314767 -0.781664
v -3.743913 4.336748 0.451410
v -3.743913 3.476797 -0.821082
v -3.743913 3.501484 0.563765
v -3.743913 3.895782 -0.801373
v -3.743913 3.919116 0.507588
v -3.743913 3.870575 0.508997
v -3.743913 3.847266 -0.798551
v -2.567051 3.476797 -0.821082
v -2.567051 3.895782 -0.801373
v -2.567051 3.501483 0.563765
v -2.567051 3.919116 0.507588
v -2.567051 4.314767 -0.781664
v -2.567051 4.336748 0.451410
v -2.567051 4.289559 0.528706
v -2.567051 3.870574 0.508997
v -2.567051 4.264898 -0.854729
v -2.567051 3.847265 -0.798551
v -2.567051 3.451589 0.489288
v -2.567051 3.429633 -0.742374
v -3.222096 3.476797 -0.821082
v -3.222096 3.501484 0.563765
v -3.222096 3.451590 0.489288
v -3.222096 3.429634 -0.742374
v -3.222096 4.314767 -0.781664
v -3.222096 4.336748 0.451410
v -3.222096 4.289559 0.528706
v -3.222096 4.264898 -0.854729
v -3.743913 3.451590 0.489288
v -3.743913 3.429634 -0.742374
v -3.743913 4.289559 0.528706
v -3.743913 4.264898 -0.854729
v -3.743913 4.314767 -0.781664
v -3.743913 4.336748 0.451410
v -3.743913 3.476797 -0.821082
v -3.743913 3.501484 0.563765
v -3.743913 3.895782 -0.801373
v -3.743913 3.919116 0.507588
v -3.743913 3.870575 0.508997
v -3.743913 3.847266 -0.798551
v -3.222096 3.895782 -0.801373
v -3.222096 3.919116 0.507588
v -3.222096 3.870574 0.508997
v -3.222096 3.847266 -0.798551
v 4.173635 4.242565 -0.496811
v 3.449530 3.517711 -0.519291
v 3.449525 4.242974 -0.497448
v 4.173845 3.496192 0.204169
v 3.449495 3.495920 0.204586
v 3.449495 4.221213 0.226404
v 4.173846 4.220966 0.225971
v 4.173418 4.198462 -0.537403
v 4.173845 4.260803 0.183588
v 3.449951 4.261234 0.183951
v 3.449919 4.198988 -0.537522
v 3.449496 3.539030 0.246103
v 3.449528 3.476978 -0.475429
v 4.173130 3.517803 -0.518860
v 4.173845 3.539251 0.245657
v 4.173418 3.477273 -0.474829
v 1.523084 4.103636 0.052534
v 1.523085 3.669541 0.089876
v 1.523082 4.066505 -0.381278
v 1.523085 3.643606 0.064949
v 1.523080 4.092375 -0.357173
v 1.523084 4.079107 0.078049
v 1.523113 3.656558 -0.370358
v 1.523113 3.632075 -0.344009
v 1.102777 3.635717 0.130067
v 1.102801 3.605363 0.100958
v 1.102801 3.592010 -0.378042
v 1.102801 4.115117 0.116292
v 1.102801 4.100118 -0.421750
v 1.102773 3.860233 0.108851
v 1.102773 3.846045 -0.400121
v 1.102755 4.115119 0.116295
v 1.102755 4.100121 -0.421753
v 1.102757 4.123011 -0.138578
v 1.102757 4.122199 -0.167716
v 1.102777 4.130453 -0.393463
v 1.102777 4.143828 0.086359
v 1.102755 3.605360 0.100961
v 1.102755 3.592007 -0.378045
v 1.102757 3.612803 -0.153925
v 1.102757 3.613638 -0.123969
v 1.102777 3.620695 -0.408797
v 1.102741 3.860233 0.108853
v 1.102741 3.846045 -0.400124
v 1.102757 3.875581 -0.401356
v 1.102757 3.889792 0.108438
v 0.855902 3.609738 -0.420434
v 0.855902 3.625425 0.142296
v 0.855877 3.875921 -0.412653
v 0.855877 3.890760 0.119699
v 0.855902 4.142089 -0.404420
v 0.855902 4.156057 0.096651
v 0.855877 3.859893 0.120150
v 0.855877 3.845076 -0.411383
v 0.855902 4.126075 0.127931
v 0.855902 4.110412 -0.433981
v 0.855902 3.593724 0.111917
v 0.855902 3.579780 -0.388336
v 0.855877 3.601506 -0.154265
v 0.855877 3.602377 -0.123000
v 0.855877 4.134308 -0.138238
v 0.855877 4.133460 -0.168684
v 0.435488 4.177131 -0.136950
v 0.435488 4.176144 -0.172356
v 0.435503 4.167611 0.172042
v 0.435503 4.149425 -0.480338
v 0.435503 4.186201 -0.445955
v 0.435503 4.202415 0.135664
v 0.435488 3.558683 -0.155554
v 0.435488 3.559693 -0.119328
v 0.435503 3.549613 0.153452
v 0.435503 3.533423 -0.427349
v 0.435503 3.568203 -0.464546
v 0.435503 3.586412 0.188654
v 0.435488 3.858605 0.162972
v 0.435488 3.841405 -0.454068
v 0.435488 3.877209 -0.455476
v 0.435488 3.894432 0.162383
v -0.872349 3.877209 -0.455476
v -0.872349 3.894433 0.162384
v -0.872339 3.586411 0.188654
v -0.872338 4.202415 0.135665
v -0.872373 3.858605 0.162973
v -0.872373 3.841405 -0.454069
v -0.872373 4.167613 0.172044
v -0.872373 4.149426 -0.480339
v -0.872373 3.549612 0.153453
v -0.872373 3.533422 -0.427350
v -0.872350 3.559692 -0.119328
v -0.872349 4.177132 -0.136950
v -0.872349 4.176145 -0.172356
v -0.872306 4.167610 0.172042
v -0.872306 4.149425 -0.480337
v -0.872338 4.186202 -0.445956
v -0.872350 3.558683 -0.155554
v -0.872307 3.549614 0.153451
v -0.872307 3.533424 -0.427348
v -0.872339 3.568202 -0.464547
v -0.872326 3.858605 0.162972
v -0.872326 3.841405 -0.454067
v -2.254215 3.881309 -0.540496
v -2.254215 3.903262 0.247043
v -2.254375 3.487099 -0.551816
v -2.254364 3.510303 0.280310
v -2.254515 4.275526 -0.528334
v -2.254515 4.296189 0.212938
v -2.254742 4.251681 0.259504
v -2.254742 4.228493 -0.572347
v -2.254751 3.857594 0.247874
v -2.254730 3.835809 -0.538780
v -2.254707 3.463540 0.235811
v -2.254709 3.442878 -0.504767
v -2.254728 3.475151 -0.158293
v -2.254728 3.476443 -0.111940
v -2.254751 4.263761 -0.134570
v -2.254751 4.262507 -0.179558
v -2.399266 4.251678 0.259505
v -2.399244 4.228488 -0.572347
v -2.399860 4.263539 -0.134577
v -2.399859 4.262286 -0.179539
v -2.399861 4.275376 -0.528117
v -2.398907 3.464726 0.235299
v -2.399758 3.487324 -0.551348
v -2.399756 3.510509 0.279810
v -2.398805 3.857599 0.247677
v -2.398910 3.836358 -0.538187
v -2.399352 3.881322 -0.540737
v -2.399376 3.903298 0.247280
v -2.399861 4.296028 0.212729
v -2.400087 4.251163 0.258945
v -2.400087 4.228007 -0.571761
v -3.744446 4.290112 0.528716
v -3.744587 4.265117 -0.855023
v -3.744446 4.302715 -0.126469
v -3.744447 4.301373 -0.201690
v -3.744579 4.315031 -0.781940
v -3.744575 4.337033 0.451674
v -3.744552 3.847209 -0.798972
v -3.744553 3.895802 -0.801796
v -3.744552 3.919173 0.508009
v -3.944225 3.889991 -0.499965
v -3.944223 3.902616 0.207153
v -3.944409 3.538015 -0.498421
v -3.944409 3.558156 0.224158
v -3.944132 4.116254 -0.489244
v -3.944108 4.128145 0.176760
v -3.944181 4.102696 0.218045
v -3.944177 4.089303 -0.528326
v -3.945355 3.859166 0.195398
v -3.943763 3.863742 -0.498273
v -3.944395 3.517467 0.184997
v -3.944406 3.499561 -0.457055
v -3.944296 3.527646 -0.156714
v -3.944296 3.528769 -0.116441
v -3.943750 4.109794 -0.135548
v -3.943752 4.109076 -0.175812
v -4.045198 4.211430 -0.136148
v -4.045200 4.210345 -0.175060
v -4.045144 4.201046 0.205527
v -4.045159 4.180942 -0.515625
v -4.045159 4.221599 -0.477817
v -4.045160 4.239530 0.165507
v -4.045449 3.527649 -0.156714
v -4.045449 3.528771 -0.116441
v -4.045349 3.517469 0.184997
v -4.045361 3.499575 -0.457045
v -4.045363 3.538030 -0.498406
v -4.045364 3.558172 0.224142
v -4.045461 3.859167 0.195363
v -4.045473 3.840161 -0.486426
v -4.045469 3.879734 -0.488218
v -4.045465 3.898781 0.194938
v -4.045673 3.869456 -0.146432
v -4.045673 3.869475 -0.145749
v -2.399861 3.956494 -3.040032
v -2.399862 4.117580 2.738509
v -2.399700 3.562320 -3.052299
v -2.399551 3.724647 2.772623
v -2.399724 4.350692 -3.028602
v -2.399551 4.510567 2.705017
v -2.254232 3.562434 -3.052430
v -2.254232 3.724818 2.772840
v -2.254232 4.350596 -3.028722
v -2.254232 4.510436 2.705261
v -2.254007 3.956515 -3.040576
v -2.254007 4.117627 2.739050
v -2.254229 3.578952 -3.599474
v -2.254229 3.771786 3.318115
v -2.254075 3.972973 -3.587691
v -2.254075 4.164538 3.284399
v -2.254229 4.366989 -3.575769
v -2.254229 4.557279 3.250546
v -2.399372 4.367250 -3.575373
v -2.399372 4.557518 3.250137
v -2.399372 3.578668 -3.599095
v -2.399372 3.771481 3.317752
v -2.399590 3.972942 -3.586657
v -2.399590 4.164450 3.283368
v -2.687836 3.980607 -3.841469
v -2.687836 4.186298 3.537358
v -2.687767 3.586584 -3.853168
v -2.687767 3.793539 3.570989
v -2.687767 4.374620 -3.829463
v -2.687767 4.579031 3.503421
v -2.542765 3.586576 -3.853177
v -2.542765 3.793532 3.570999
v -2.542765 4.374629 -3.829471
v -2.542765 4.579040 3.503428
v -2.542704 3.980608 -3.841488
v -2.542704 4.186300 3.537377
v -2.459269 4.551322 3.181731
v -2.748135 4.372516 -3.760710
v -2.748135 4.573100 3.434892
v -2.748276 3.978534 -3.772553
v -2.748276 4.180389 3.468664
v -2.459260 3.970890 -3.518441
v -2.459260 4.158600 3.215373
v -2.459269 4.364876 -3.506730
v -2.459269 3.576912 -3.530433
v -2.459269 3.765903 3.249294
v -2.748135 3.584553 -3.784413
v -2.748135 3.787680 3.502454
v -2.399866 3.759725 -3.045957
v -2.399862 3.921447 2.755381
v -2.399856 4.153263 -3.034107
v -2.399862 4.313715 2.721638
v -2.399727 4.358921 -3.302236
v -2.399551 4.534049 2.977995
v -2.399698 3.570550 -3.325968
v -2.399551 3.748129 3.045601
v -2.399864 3.964760 -3.314516
v -2.399862 4.141116 3.012108
v -2.399590 4.169711 -3.580738
v -2.399590 4.360584 3.266497
v -2.399590 3.776173 -3.592576
v -2.399590 3.968316 3.300240
v -2.399869 4.161530 -3.308592
v -2.399862 4.337250 2.995237
v -2.399858 3.767991 -3.320441
v -2.399862 3.944982 3.028980
v -2.599890 3.940219 -3.314609
v -2.599457 4.141135 3.012332
v -2.599885 3.833663 -3.320531
v -2.599457 3.945001 3.029204
v -2.599911 3.726790 -3.326361
v -2.599457 3.748307 3.045898
v -2.599939 4.153594 -3.302660
v -2.599457 4.533925 2.978318
v -2.599895 4.046776 -3.308686
v -2.599457 4.337269 2.995461
v -2.599395 3.721986 -3.051992
v -2.599457 3.724772 2.772300
v -2.599384 4.149447 -3.028258
v -2.599457 4.510389 2.704720
v -2.599019 4.042268 -3.034027
v -2.599457 4.313695 2.721414
v -2.599024 3.935711 -3.039942
v -2.599457 4.117561 2.738286
v -2.599028 3.829153 -3.045858
v -2.599457 3.921427 2.755158
v -3.555812 3.896229 -0.617033
v -3.555812 3.789672 -0.622952
v -3.556231 3.687102 -0.903142
v -3.556422 3.900733 -0.891329
v -3.556422 3.794176 -0.897248
v 1.522326 4.091644 -0.356767
v 1.522534 3.656718 -0.369821
v 1.522543 3.632263 -0.343553
v 1.522326 4.065814 -0.380817
v 2.485368 3.587866 -0.444564
v 2.485368 3.555281 -0.409549
v 1.523156 3.849360 -0.361588
v 1.522313 3.874438 -0.363380
v 1.494933 3.617782 -0.478204
v 2.457308 3.540192 -0.543247
v 1.494920 3.642055 -0.502957
v 2.457309 3.572777 -0.578262
v 1.494478 3.641620 -0.503542
v 1.494263 3.859344 -0.497022
v 1.494263 4.076552 -0.490488
v 1.494263 4.050722 -0.514537
v 1.494263 3.834216 -0.495913
v 1.494450 3.617206 -0.477271
v 1.494956 4.051471 -0.514767
v 1.494950 4.077318 -0.490718
v 3.420888 3.502586 -0.652853
v 4.144861 3.503905 -0.652951
v 4.144826 4.226649 -0.631039
v 3.420825 4.227901 -0.631225
v 3.420860 3.461863 -0.609076
v 3.420844 4.184837 -0.671302
v 4.144839 4.183565 -0.671112
v 4.144845 3.463157 -0.609174
v 4.145340 4.227170 -0.630440
v 3.421124 4.227171 -0.630441
v 3.421124 4.184188 -0.670515
v 4.145340 4.184188 -0.670515
v 3.421124 3.462637 -0.608446
v 4.145340 3.462636 -0.608446
v 1.494254 4.050677 -0.514597
v 1.494254 3.617754 -0.477357
v 1.494255 3.642194 -0.503620
v 3.421124 3.503282 -0.652216
v 1.494980 4.076456 -0.491406
v 4.145340 3.503282 -0.652216
v 1.494957 4.076580 -0.491411
v 1.494957 4.050643 -0.515456
v 2.457990 3.572323 -0.578999
v 1.494957 3.642164 -0.504479
v 2.458102 3.540761 -0.543770
v 1.494957 3.617630 -0.478208
v 1.494957 3.834137 -0.496832
v 1.494957 3.859372 -0.497945
v -2.399831 3.630229 -0.565789
v -2.399791 3.891024 -0.553712
v -2.399826 3.645591 0.295479
v -2.399795 3.905556 0.260734
v -2.399819 4.151711 -0.541405
v -2.400813 4.143499 -0.180441
v -2.399832 4.165397 0.225771
v -2.400813 4.144328 -0.133923
v -2.399988 4.136244 0.273650
v -2.399972 4.120888 -0.586690
v -3.556229 4.114355 -0.879443
v -3.556422 4.007290 -0.885410
v -3.555791 3.682722 -0.629003
v -3.555788 4.109778 -0.605299
v -3.555812 4.002786 -0.611114
v -3.943394 3.638164 -0.467630
v -3.943461 3.657365 -0.115161
v -3.944453 3.650284 0.196561
v -3.943460 3.656622 -0.156826
v -3.944465 3.677211 0.237023
v -3.944461 3.663885 -0.510174
v -3.943626 3.863725 -0.498259
v -3.944481 3.876373 0.207237
v -3.744274 4.290189 0.528957
v -3.944472 4.102219 0.217884
v -3.744552 3.847209 -0.798972
v -3.944489 3.902587 0.206775
v -3.944486 3.889984 -0.499598
v -3.744552 3.919173 0.508009
v -3.744553 3.895802 -0.801796
v -3.743913 4.337515 0.451368
v -3.743913 4.315535 -0.781649
v -3.743913 4.265665 -0.854771
v -3.743913 4.301590 -0.201702
v -3.743913 4.302931 -0.126465
v -2.399748 4.120456 -0.586403
v -2.399748 4.135784 0.273386
v -2.399763 3.860984 -0.551535
v -2.399749 3.875341 0.261140
v -2.254730 3.836379 -0.538427
v -2.399842 3.614561 0.248679
v -2.255194 3.510576 0.279738
v -2.255186 3.487394 -0.551269
v -2.255177 3.463734 0.234713
v -2.255267 3.442952 -0.504567
v -2.255318 3.476665 -0.111968
v -2.255320 3.475376 -0.158283
v 2.458023 4.151836 -0.561693
v 3.421066 4.227217 -0.631974
v 3.421066 3.503328 -0.653749
v 3.421066 3.462505 -0.609974
v 2.458046 4.116987 -0.593623
v 3.421066 4.184057 -0.672043
v 3.421645 3.823298 -0.640807
v 3.420561 3.865265 -0.642618
v 2.458012 3.828709 -0.568920
v 2.458012 3.862322 -0.570403
v -3.744201 3.464848 -0.089265
v -3.744332 3.429007 -0.742517
v -3.744331 3.450967 0.489452
v -3.744200 3.463481 -0.165911
v -3.744327 3.500871 0.563972
v -3.744329 3.476179 -0.821269
v -3.744553 3.870555 0.509420
v -3.222096 3.500717 0.563807
v -3.222096 3.476029 -0.821096
v -3.222096 4.337515 0.451368
v -3.222096 4.315535 -0.781649
v -3.222096 4.265665 -0.854771
v -3.222096 4.290327 0.528720
v -3.222096 3.428867 -0.742331
v -3.222096 3.450822 0.489273
v -3.222096 3.464792 -0.089262
v -3.222096 3.463425 -0.165912
v -3.222096 4.301590 -0.201702
v -3.222096 4.302931 -0.126465
v -2.566639 4.265511 -0.854938
v -2.566765 4.301535 -0.201699
v -2.566766 4.302876 -0.126466
v -2.566636 4.290177 0.528894
v -2.566633 4.337376 0.451555
v -2.566634 4.315390 -0.781830
v -2.566765 3.464847 -0.089265
v -2.566633 3.429006 -0.742518
v -2.566634 3.450966 0.489454
v -2.566766 3.463480 -0.165911
v -2.566639 3.500870 0.563974
v -2.566636 3.476178 -0.821270
v -2.566414 3.847208 -0.798977
v -2.566413 3.870554 0.509425
v -2.566414 3.919173 0.508013
v -2.566413 3.895802 -0.801801
v -2.399878 3.860802 -0.551858
v -2.399877 3.875323 0.261505
v -2.399868 3.600893 -0.516712
v -2.399864 3.614554 0.249041
v -2.400523 3.622822 -0.110514
v -2.400525 3.621968 -0.158456
v -2.400801 3.600903 -0.517130
v -2.600224 4.117627 2.739050
v -2.600224 3.921493 2.755922
v -2.600224 3.725359 2.772794
v -2.600224 4.313761 2.722179
v -2.600224 4.509895 2.705307
v -2.600224 4.533337 2.977824
v -2.600224 3.748801 3.045311
v -2.598689 4.141069 3.011567
v -2.598689 4.337203 2.994695
v -2.598689 3.944935 3.028439
v -2.599312 3.929586 3.110840
v -2.599312 4.035799 3.093968
v -2.599340 3.822901 3.127638
v -2.599312 4.142012 3.077096
v -2.599330 4.248579 3.060072
v -2.600031 3.810055 2.854378
v -2.600043 4.235890 2.786830
v -2.599601 4.129080 2.803090
v -2.599601 4.022867 2.819962
v -2.599601 3.916654 2.836834
v -3.554955 3.804232 0.422331
v -3.554955 3.910445 0.405459
v -3.554978 3.697853 0.439219
v -3.555087 4.016623 0.388373
v -3.555785 4.123269 0.371324
v -3.555613 4.136368 0.644621
v -3.556045 3.710113 0.712179
v -3.556382 4.029441 0.661665
v -3.556382 3.923229 0.678536
v -3.556382 3.817015 0.695408
v -3.554993 3.817010 0.694763
v -3.554989 3.923172 0.677898
v -3.555001 3.710848 0.711631
v -3.554988 4.029332 0.661034
v -3.554990 4.135493 0.644172
v -3.554951 3.698167 0.439228
v -3.554961 4.301950 0.371780
v -3.554943 4.122797 0.371774
v -3.554961 4.301950 0.371780
v -3.556436 4.135610 0.644513
v -3.556436 3.698063 0.439483
v -3.556436 3.710758 0.711999
v -3.556436 3.923184 0.678256
v -3.556436 4.029397 0.661385
v -3.556436 3.816971 0.695128
v -3.554939 4.016640 0.388636
v -3.554939 3.910483 0.405499
v -3.554943 3.804325 0.422363
v -3.556436 3.804276 0.422611
v -3.556436 3.910489 0.405739
v -3.556436 4.016702 0.388868
v -3.554951 3.698167 0.439228
v -3.554943 3.804325 0.422363
v -3.554951 3.698167 0.439228
v -3.554951 3.698167 0.439228
v -3.554951 3.698167 0.439228
v -3.554951 3.698167 0.439228
v -3.554943 3.804325 0.422363
v -2.566740 3.477133 -0.820466
v -2.566697 3.895784 -0.800691
v -2.566689 3.501851 0.563196
v -2.566611 3.919092 0.506959
v -2.566728 4.314422 -0.781058
v -2.566663 4.336311 0.450912
v -2.566676 4.289183 0.528151
v -2.566612 3.870605 0.508368
v -2.566741 4.264606 -0.854089
v -2.566697 3.847311 -0.797871
v -2.566677 3.452017 0.488771
v -2.566726 3.430023 -0.741797
v -3.221509 3.477034 -0.820648
v -3.221467 3.501722 0.563396
v -3.221458 3.451862 0.488959
v -3.221497 3.429902 -0.741976
v -3.221499 4.314528 -0.781245
v -3.221449 4.336476 0.451100
v -3.221458 4.289320 0.528352
v -3.221510 4.264692 -0.854277
v -3.743211 3.451789 0.489047
v -3.743235 3.429836 -0.742074
v -3.743211 4.289384 0.528447
v -3.743244 4.264741 -0.854385
v -3.743236 4.314587 -0.781348
v -3.743206 4.336550 0.451184
v -3.743243 3.476977 -0.820752
v -3.743217 3.501660 0.563493
v -3.743220 3.895783 -0.801041
v -3.743189 3.919106 0.507330
v -3.743189 3.870587 0.508739
v -3.743220 3.847288 -0.798220
v -2.567051 3.476833 -0.821849
v -2.567051 3.895818 -0.802140
v -2.567051 3.501586 0.564526
v -2.567051 3.919218 0.508349
v -2.567051 4.314803 -0.782431
v -2.567051 4.336850 0.452171
v -2.567051 4.289523 0.529473
v -2.567051 3.870538 0.509764
v -2.567051 4.264795 -0.855490
v -2.567051 3.847163 -0.799312
v -2.567051 3.451553 0.490055
v -2.567051 3.429531 -0.743135
v -3.222096 3.476833 -0.821849
v -3.222096 3.501586 0.564526
v -3.222096 3.451553 0.490055
v -3.222096 3.429531 -0.743135
v -3.222096 4.314803 -0.782431
v -3.222096 4.336851 0.452171
v -3.222096 4.289524 0.529473
v -3.222096 4.264795 -0.855490
v -3.743913 3.451554 0.490055
v -3.743913 3.429531 -0.743135
v -3.743913 4.289524 0.529473
v -3.743913 4.264796 -0.855490
v -3.743913 4.314803 -0.782431
v -3.743913 4.336851 0.452171
v -3.743913 3.476833 -0.821849
v -3.743913 3.501586 0.564526
v -3.743913 3.895818 -0.802140
v -3.743913 3.919218 0.508349
v -3.743913 3.870539 0.509764
v -3.743913 3.847163 -0.799312
v -3.222096 3.895818 -0.802140
v -3.222096 3.919218 0.508349
v -3.222096 3.870538 0.509764
v -3.222096 3.847163 -0.799312
usemtl Material
s off
f 12 15 9 10
f 7 6 5 4
f 2 5 6 3
f 11 13 12 10
f 10 9 8 11
f 3 1 7 6
f 14 2 5 4
f 13 12 15 16
f 1 14 4 7
f 16 15 9 8
f 17 10 12 18
f 6 5 20 22
f 5 2 23 20
f 18 12 13 24
f 3 6 22 21
f 19 11 10 17
f 45 23 21
f 17 18 46
f 36 45 21
f 17 46 37
f 45 42 23
f 18 25 46
f 30 22 20
f 24 19 31
f 26 30 20
f 24 31 27
f 30 28 22
f 19 29 31
f 40 20 23
f 18 24 41
f 42 40 23
f 18 41 25
f 40 26 20
f 24 27 41
f 34 21 22
f 19 17 35
f 28 34 22
f 19 35 29
f 34 36 21
f 17 37 35
f 34 28 32
f 33 29 35
f 26 40 38
f 41 27 39
f 30 26 38 43
f 39 27 31 44
f 28 30 43 32
f 44 31 29 33
f 42 45 49 47
f 50 46 25 48
f 45 36 51 49
f 52 37 46 50
f 32 43 53 55
f 54 44 33 56
f 43 38 57 53
f 58 39 44 54
f 40 42 47 59
f 48 25 41 60
f 38 40 59 57
f 60 41 39 58
f 36 34 61 51
f 62 35 37 52
f 34 32 55 61
f 56 33 35 62
f 61 55 65 63
f 66 56 62 64
f 51 61 63 67
f 64 62 52 68
f 57 59 69 71
f 70 60 58 72
f 59 47 73 69
f 74 48 60 70
f 53 57 71 75
f 72 58 54 76
f 55 53 75 65
f 76 54 56 66
f 49 51 67 77
f 68 52 50 78
f 47 49 77 73
f 78 50 48 74
f 73 77 79 98
f 80 78 74 81
f 77 67 94 79
f 82 68 78 80
f 65 75 83 85
f 84 76 66 86
f 75 71 87 83
f 88 72 76 84
f 69 73 98 95
f 81 74 70 89
f 71 69 95 87
f 89 70 72 88
f 67 63 90 94
f 91 64 68 82
f 63 65 85 90
f 86 66 64 91
f 90 85 92
f 93 86 91
f 87 95 96
f 89 88 97
f 83 87 96 99
f 97 88 84 100
f 85 83 99 92
f 100 84 86 93
f 98 79 101 103
f 102 80 81 104
f 79 94 105 101
f 106 82 80 102
f 92 99 109 107
f 110 100 93 108
f 99 96 111 109
f 112 97 100 110
f 95 98 103 113
f 104 81 89 114
f 96 95 113 111
f 114 89 97 112
f 94 90 115 105
f 116 91 82 106
f 90 92 107 115
f 108 93 91 116
f 115 107 117 119
f 118 108 116 120
f 105 115 119 121
f 120 116 106 129
f 109 111 122 125
f 107 109 125 117
f 126 110 108 118
f 119 117 130
f 131 118 120
f 139 136 145 141
f 146 137 140 142
f 150 138 133 148
f 136 134 155 145
f 156 135 137 146
f 134 132 147 155
f 148 133 135 156
f 155 147 159 157
f 160 148 156 158
f 145 155 157 161
f 158 156 146 162
f 151 153 163 165
f 164 154 152 166
f 153 143 167 163
f 168 144 154 164
f 149 151 165 169
f 166 152 150 170
f 147 149 169 159
f 170 150 148 160
f 141 145 161 171
f 162 146 142 172
f 143 141 171 167
f 172 142 144 168
f 163 173 169 165
f 170 174 164 166
f 173 157 159 169
f 160 158 174 170
f 167 171 173 163
f 174 172 168 164
f 171 161 157 173
f 158 162 172 174
f 123 103 181 177
f 182 104 124 178
f 105 121 179 183
f 180 129 106 184
f 101 105 183 185
f 184 106 102 186
f 103 101 185 181
f 186 102 104 182
f 181 185 189 187
f 190 186 182 188
f 185 183 191 189
f 192 184 186 190
f 195 187 205 201
f 206 188 196 202
f 191 193 203 207
f 204 194 192 208
f 189 191 207 209
f 208 192 190 210
f 187 189 209 205
f 210 190 188 206
f 205 209 199 201
f 200 210 206 202
f 209 207 203 199
f 204 208 210 200
f 203 193 218 212
f 211 194 204 213
f 199 203 212 214
f 213 204 200 215
f 201 199 214 221
f 215 200 202 222
f 195 201 221 219
f 222 202 196 220
f 216 219 221 214
f 222 220 217 215
f 218 216 214 212
f 215 217 211 213
f 223 127 123
f 124 128 224
f 177 223 123
f 124 224 178
f 223 175 127
f 128 176 224
f 225 121 127
f 128 129 226
f 175 225 127
f 128 226 176
f 225 179 121
f 129 180 226
f 227 191 183
f 184 192 228
f 179 227 183
f 184 228 180
f 227 193 191
f 192 194 228
f 229 181 187
f 188 182 230
f 195 229 187
f 188 230 196
f 229 177 181
f 182 178 230
f 237 231 197 233
f 198 232 238 234
f 227 237 233 193
f 234 238 228 194
f 239 229 195 235
f 196 230 240 236
f 231 239 235 197
f 236 240 232 198
f 235 219 216
f 217 220 236
f 197 235 216
f 217 236 198
f 235 195 219
f 220 196 236
f 233 216 218
f 211 217 234
f 193 233 218
f 211 234 194
f 233 197 216
f 217 198 234
f 239 231 241 243
f 242 232 240 244
f 229 239 243 245
f 244 240 230 246
f 237 227 247 249
f 248 228 238 250
f 231 237 249 241
f 250 238 232 242
f 177 229 245 251
f 246 230 178 252
f 227 179 253 247
f 254 180 228 248
f 179 225 255 253
f 256 226 180 254
f 225 175 257 255
f 258 176 226 256
f 223 177 251 259
f 252 178 224 260
f 175 223 259 257
f 260 224 176 258
f 257 259 262 261
f 259 251 326 262
f 255 257 261 328
f 253 255 328 327
f 247 253 327 324
f 251 245 263 326
f 241 249 325 264
f 249 247 324 325
f 245 243 265 263
f 243 241 264 265
f 270 267 23
f 271 268 24
f 272 19 24
f 268 272 24
f 272 269 19
f 273 21 23
f 267 273 23
f 273 266 21
f 271 24 274 275
f 270 23 276 277
f 273 267 278 279
f 266 273 279 280
f 269 272 282 281
f 272 268 283 282
f 268 271 275 283
f 267 270 277 278
f 19 269 281 284
f 21 266 280 285
f 14 2 286 287
f 1 14 287 288
f 3 21 285 289
f 23 2 286 276
f 24 13 290 274
f 11 19 284 291
f 8 16 293 292
f 16 13 290 293
f 11 8 292 291
f 3 1 288 289
f 289 288 294 295
f 291 292 297 296
f 293 290 298 299
f 292 293 299 297
f 291 284 300 296
f 274 290 298 301
f 276 286 303 302
f 289 285 304 295
f 288 287 305 294
f 287 286 303 305
f 285 280 306 304
f 284 281 307 300
f 278 277 308 309
f 283 275 310 311
f 282 283 311 312
f 281 282 312 307
f 280 279 313 306
f 279 278 309 313
f 277 276 302 308
f 275 274 301 310
f 123 127 315 314
f 128 124 316 317
f 127 121 318 315
f 120 129 320 319
f 119 130 322 321
f 131 120 319 323
f 152 154 330 329
f 153 151 331 332
f 154 144 333 330
f 143 153 332 334
f 150 152 329 335
f 151 149 336 331
f 147 132 337 338
f 149 147 338 336
f 138 150 335 339
f 144 142 340 333
f 141 143 334 341
f 142 140 342 340
f 139 141 341 343
f 140 137 344 342
f 136 139 343 345
f 133 138 339 346
f 137 135 347 344
f 134 136 345 348
f 135 133 346 347
f 132 134 348 337
f 118 131 323 349
f 130 117 350 322
f 129 128 317 320
f 126 118 349 351
f 117 125 352 350
f 110 126 351 353
f 125 122 354 352
f 124 104 355 316
f 103 123 314 356
f 122 111 357 354
f 121 119 321 318
f 114 112 358 359
f 111 113 360 357
f 104 114 359 355
f 113 103 356 360
f 112 110 353 358
f 294 305 303 295
f 298 296 297 299
f 361 295 304
f 306 361 304
f 361 362 295
f 308 302 303
f 363 308 303
f 310 301 298
f 364 310 298
f 365 296 300
f 307 365 300
f 365 366 296
f 367 298 296
f 366 367 296
f 367 364 298
f 368 303 295
f 362 368 295
f 368 363 303
f 310 364 367 369
f 311 310 369 312
f 369 367 366 365
f 312 369 365 307
f 368 362 361 370
f 363 368 370 308
f 370 361 306 313
f 308 370 313 309
f 261 262 265 264
f 262 326 263 265
f 327 328 325 324
f 328 261 264 325
f 330 371 372 329
f 373 374 332 331
f 333 375 371 330
f 374 376 334 332
f 329 372 339 335
f 377 373 331 336
f 337 377 336 338
f 340 342 375 333
f 376 343 341 334
f 375 378 386 371
f 387 379 376 374
f 371 386 384 372
f 385 387 374 373
f 347 388 380 344
f 381 389 348 345
f 346 382 388 347
f 389 383 337 348
f 382 390 391 388
f 392 393 383 389
f 388 391 394 380
f 395 392 389 381
f 386 396 397 384
f 398 399 387 385
f 378 400 396 386
f 399 401 379 387
f 404 317 316 400
f 314 315 405 401
f 394 320 317 404
f 315 318 395 405
f 402 406 323 390
f 322 407 403 393
f 397 408 406 402
f 407 409 398 403
f 400 316 410 396
f 411 314 401 399
f 396 410 408 397
f 409 411 399 398
f 391 319 320 394
f 318 321 392 395
f 390 323 319 391
f 321 322 393 392
f 410 412 408
f 354 411 409
f 408 412 351 406
f 352 354 409 407
f 406 351 349 323
f 350 352 407 322
f 412 358 353 351
f 316 355 359 410
f 360 356 314 411
f 410 359 358 412
f 357 360 411 354
f 260 258 413 414
f 252 260 414 415
f 258 256 416 413
f 256 254 417 416
f 254 248 418 417
f 246 252 415 419
f 250 242 420 421
f 248 250 421 418
f 244 246 419 422
f 242 244 422 420
f 420 422 423 424
f 422 419 425 423
f 418 421 426 427
f 421 420 424 426
f 419 415 428 425
f 417 418 427 429
f 416 417 429 430
f 413 416 430 431
f 415 414 432 428
f 414 413 431 432
f 433 432 431 434
f 435 428 432 433
f 434 431 430 436
f 436 430 429 437
f 437 429 427 438
f 439 425 428 435
f 440 426 424 441
f 438 427 426 440
f 442 423 425 439
f 441 424 423 442
f 441 442 443 444
f 442 439 445 443
f 438 440 446 447
f 440 441 444 446
f 439 435 448 445
f 437 438 447 449
f 437 449 450 451
f 449 447 452 450
f 445 448 453 454
f 446 444 455 456
f 447 446 456 452
f 443 445 454 457
f 444 443 457 455
f 436 437 451 458
f 433 434 459 460
f 434 436 458 459
f 457 461 462 455
f 454 453 461 457
f 456 463 450 452
f 455 462 463 456
f 459 458 463 462
f 464 460 461 453
f 460 459 462 461
f 458 451 450 463
f 465 466 435 433
f 466 467 448 435
f 467 468 453 448
f 468 469 464 453
f 470 465 433 460
f 469 470 460 464
f 466 465 470 469
f 467 466 469 468
f 401 405 472 471
f 404 400 473 474
f 405 395 475 472
f 394 404 474 476
f 393 403 478 477
f 402 390 479 480
f 403 398 481 478
f 397 402 480 482
f 379 401 471 483
f 400 378 484 473
f 398 385 485 481
f 384 397 482 486
f 395 381 487 475
f 380 394 476 488
f 383 393 477 489
f 390 382 490 479
f 385 373 491 485
f 372 384 486 492
f 337 383 489 493
f 382 346 494 490
f 381 345 495 487
f 344 380 488 496
f 376 379 483 497
f 378 375 498 484
f 343 376 497 499
f 375 342 500 498
f 377 337 493 501
f 373 377 501 491
f 339 372 492 502
f 346 339 502 494
f 345 343 499 495
f 342 344 496 500
f 503 504 535 515
f 536 506 505 516
f 504 507 519 535
f 520 508 506 536
f 509 510 537 521
f 538 512 511 522
f 510 513 517 537
f 518 514 512 538
f 537 517 523 533
f 524 518 538 534
f 521 537 533 525
f 534 538 522 526
f 535 519 527 531
f 528 520 536 532
f 515 535 531 529
f 532 536 516 530
f 547 553 550 548
f 543 544 545 542
f 544 543 540 541
f 550 551 549 548
f 546 547 548 549
f 545 539 541 544
f 543 540 552 542
f 553 550 551 554
f 542 552 539 545
f 547 553 554 546
f 550 548 555 556
f 558 543 544 560
f 561 540 543 558
f 551 550 556 562
f 560 544 541 559
f 548 549 557 555
f 559 561 583
f 584 556 555
f 559 583 574
f 575 584 555
f 561 580 583
f 584 563 556
f 558 560 568
f 569 557 562
f 558 568 564
f 565 569 562
f 560 566 568
f 569 567 557
f 561 558 578
f 579 562 556
f 561 578 580
f 563 579 556
f 558 564 578
f 579 565 562
f 560 559 572
f 573 555 557
f 560 572 566
f 567 573 557
f 559 574 572
f 573 575 555
f 570 566 572
f 573 567 571
f 576 578 564
f 577 565 579
f 576 564 568 581
f 569 565 577 582
f 581 568 566 570
f 567 569 582 571
f 587 583 580 585
f 563 584 588 586
f 589 574 583 587
f 584 575 590 588
f 591 581 570 593
f 571 582 592 594
f 595 576 581 591
f 582 577 596 592
f 585 580 578 597
f 579 563 586 598
f 597 578 576 595
f 577 579 598 596
f 599 572 574 589
f 575 573 600 590
f 593 570 572 599
f 573 571 594 600
f 603 593 599 601
f 600 594 604 602
f 601 599 589 605
f 590 600 602 606
f 607 597 595 609
f 596 598 608 610
f 611 585 597 607
f 598 586 612 608
f 609 595 591 613
f 592 596 610 614
f 613 591 593 603
f 594 592 614 604
f 605 589 587 615
f 588 590 606 616
f 615 587 585 611
f 586 588 616 612
f 617 615 611 636
f 612 616 618 619
f 632 605 615 617
f 616 606 620 618
f 621 613 603 623
f 604 614 622 624
f 625 609 613 621
f 614 610 626 622
f 636 611 607 633
f 608 612 619 627
f 633 607 609 625
f 610 608 627 626
f 628 601 605 632
f 606 602 629 620
f 623 603 601 628
f 602 604 624 629
f 630 623 628
f 629 624 631
f 634 633 625
f 635 626 627
f 634 625 621 637
f 622 626 635 638
f 637 621 623 630
f 624 622 638 631
f 639 617 636 641
f 619 618 640 642
f 643 632 617 639
f 618 620 644 640
f 647 637 630 645
f 631 638 648 646
f 649 634 637 647
f 638 635 650 648
f 641 636 633 651
f 627 619 642 652
f 651 633 634 649
f 635 627 652 650
f 653 628 632 643
f 620 629 654 644
f 645 630 628 653
f 629 631 646 654
f 655 645 653 657
f 654 646 656 658
f 657 653 643 659
f 644 654 658 667
f 660 649 647 663
f 663 647 645 655
f 646 648 664 656
f 668 655 657
f 658 656 669
f 683 674 677 679
f 678 675 684 680
f 671 676 688 686
f 693 672 674 683
f 675 673 694 684
f 685 670 672 693
f 673 671 686 694
f 697 685 693 695
f 694 686 698 696
f 695 693 683 699
f 684 694 696 700
f 701 691 689 703
f 690 692 702 704
f 705 681 691 701
f 692 682 706 702
f 703 689 687 707
f 688 690 704 708
f 707 687 685 697
f 686 688 708 698
f 699 683 679 709
f 680 684 700 710
f 709 679 681 705
f 682 680 710 706
f 707 711 701 703
f 702 712 708 704
f 697 695 711 707
f 712 696 698 708
f 711 709 705 701
f 706 710 712 702
f 695 699 709 711
f 710 700 696 712
f 719 641 661 715
f 662 642 720 716
f 717 659 643 721
f 644 667 718 722
f 721 643 639 723
f 640 644 722 724
f 723 639 641 719
f 642 640 724 720
f 727 723 719 725
f 720 724 728 726
f 729 721 723 727
f 724 722 730 728
f 743 725 733 739
f 734 726 744 740
f 741 731 729 745
f 730 732 742 746
f 745 729 727 747
f 728 730 746 748
f 747 727 725 743
f 726 728 748 744
f 737 747 743 739
f 744 748 738 740
f 741 745 747 737
f 748 746 742 738
f 756 731 741 750
f 742 732 749 751
f 750 741 737 752
f 738 742 751 753
f 752 737 739 759
f 740 738 753 760
f 759 739 733 757
f 734 740 760 758
f 759 757 754 752
f 755 758 760 753
f 752 754 756 750
f 749 755 753 751
f 661 665 761
f 762 666 662
f 661 761 715
f 716 762 662
f 665 713 761
f 762 714 666
f 665 659 763
f 764 667 666
f 665 763 713
f 714 764 666
f 659 717 763
f 764 718 667
f 721 729 765
f 766 730 722
f 721 765 717
f 718 766 722
f 729 731 765
f 766 732 730
f 725 719 767
f 768 720 726
f 725 767 733
f 734 768 726
f 719 715 767
f 768 716 720
f 735 769 775 771
f 776 770 736 772
f 771 775 765 731
f 766 776 772 732
f 733 767 777 773
f 778 768 734 774
f 773 777 769 735
f 770 778 774 736
f 754 757 773
f 774 758 755
f 754 773 735
f 736 774 755
f 757 733 773
f 774 734 758
f 756 754 771
f 772 755 749
f 756 771 731
f 732 772 749
f 754 735 771
f 772 736 755
f 779 769 777 781
f 778 770 780 782
f 781 777 767 783
f 768 778 782 784
f 785 765 775 787
f 776 766 786 788
f 787 775 769 779
f 770 776 788 780
f 783 767 715 789
f 716 768 784 790
f 791 717 765 785
f 766 718 792 786
f 793 763 717 791
f 718 764 794 792
f 795 713 763 793
f 764 714 796 794
f 789 715 761 797
f 762 716 790 798
f 797 761 713 795
f 714 762 798 796
f 800 797 795 799
f 864 789 797 800
f 799 795 793 866
f 866 793 791 865
f 865 791 785 862
f 801 783 789 864
f 863 787 779 802
f 862 785 787 863
f 803 781 783 801
f 802 779 781 803
f 561 805 808
f 562 806 809
f 562 557 810
f 562 810 806
f 557 807 810
f 561 559 811
f 561 811 805
f 559 804 811
f 812 562 809 813
f 814 561 808 815
f 816 805 811 817
f 817 811 804 818
f 820 810 807 819
f 821 806 810 820
f 813 809 806 821
f 815 808 805 816
f 819 807 557 822
f 818 804 559 823
f 824 540 552 825
f 825 552 539 826
f 823 559 541 827
f 824 540 561 814
f 828 551 562 812
f 822 557 549 829
f 831 554 546 830
f 828 551 554 831
f 830 546 549 829
f 826 539 541 827
f 832 826 827 833
f 835 830 829 834
f 836 828 831 837
f 837 831 830 835
f 838 822 829 834
f 836 828 812 839
f 841 824 814 840
f 842 823 827 833
f 843 825 826 832
f 841 824 825 843
f 844 818 823 842
f 845 819 822 838
f 846 815 816 847
f 848 813 821 849
f 849 821 820 850
f 850 820 819 845
f 851 817 818 844
f 847 816 817 851
f 840 814 815 846
f 839 812 813 848
f 853 665 661 852
f 854 662 666 855
f 856 659 665 853
f 858 667 658 857
f 860 668 657 859
f 857 658 669 861
f 868 692 690 867
f 869 689 691 870
f 871 682 692 868
f 870 691 681 872
f 867 690 688 873
f 874 687 689 869
f 875 670 685 876
f 876 685 687 874
f 873 688 676 877
f 878 680 682 871
f 872 681 679 879
f 880 678 680 878
f 879 679 677 881
f 882 675 678 880
f 881 677 674 883
f 877 676 671 884
f 885 673 675 882
f 883 674 672 886
f 884 671 673 885
f 886 672 670 875
f 861 669 656 887
f 888 655 668 860
f 855 666 667 858
f 887 656 664 889
f 890 663 655 888
f 889 664 648 891
f 892 660 663 890
f 893 642 662 854
f 852 661 641 894
f 895 649 660 892
f 859 657 659 856
f 896 650 652 897
f 898 651 649 895
f 897 652 642 893
f 894 641 651 898
f 891 648 650 896
f 841 843 832 833
f 835 834 836 837
f 842 833 899
f 842 899 844
f 833 900 899
f 841 840 846
f 841 846 901
f 836 839 848
f 836 848 902
f 838 834 903
f 838 903 845
f 834 904 903
f 834 836 905
f 834 905 904
f 836 902 905
f 833 841 906
f 833 906 900
f 841 901 906
f 905 902 848 907
f 907 848 849 850
f 904 905 907 903
f 903 907 850 845
f 899 900 906 908
f 908 906 901 846
f 844 899 908 851
f 851 908 846 847
f 803 800 799 802
f 801 864 800 803
f 863 866 865 862
f 802 799 866 863
f 910 909 868 867
f 870 912 911 869
f 909 913 871 868
f 872 914 912 870
f 877 910 867 873
f 869 911 915 874
f 874 915 875 876
f 913 880 878 871
f 879 881 914 872
f 924 916 913 909
f 914 917 925 912
f 922 924 909 910
f 912 925 923 911
f 918 926 885 882
f 886 927 919 883
f 926 920 884 885
f 875 921 927 886
f 929 928 920 926
f 921 931 930 927
f 932 929 926 918
f 927 930 933 919
f 935 934 924 922
f 925 937 936 923
f 934 938 916 924
f 917 939 937 925
f 854 855 942 938
f 943 853 852 939
f 855 858 932 942
f 933 856 853 943
f 861 944 940 928
f 941 945 860 931
f 944 946 935 940
f 936 947 945 941
f 948 854 938 934
f 939 852 949 937
f 946 948 934 935
f 937 949 947 936
f 858 857 929 932
f 930 859 856 933
f 857 861 928 929
f 931 860 859 930
f 946 950 948
f 947 949 892
f 889 950 946 944
f 947 892 890 945
f 887 889 944 861
f 945 890 888 860
f 891 896 950 889
f 897 893 854 948
f 852 894 898 949
f 896 897 948 950
f 949 898 895 892
f 951 796 798 952
f 952 798 790 953
f 954 794 796 951
f 955 792 794 954
f 956 786 792 955
f 953 790 784 957
f 958 780 788 959
f 959 788 786 956
f 957 784 782 960
f 960 782 780 958
f 961 960 958 962
f 963 957 960 961
f 964 959 956 965
f 962 958 959 964
f 966 953 957 963
f 965 956 955 967
f 967 955 954 968
f 968 954 951 969
f 970 952 953 966
f 969 951 952 970
f 969 970 971 972
f 970 966 973 971
f 968 969 972 974
f 967 968 974 975
f 965 967 975 976
f 966 963 977 973
f 962 964 978 979
f 964 965 976 978
f 963 961 980 977
f 961 962 979 980
f 981 980 979 982
f 983 977 980 981
f 984 978 976 985
f 982 979 978 984
f 986 973 977 983
f 985 976 975 987
f 988 987 975 989
f 990 985 987 988
f 991 986 983 992
f 993 982 984 994
f 994 984 985 990
f 992 983 981 995
f 995 981 982 993
f 989 975 974 996
f 997 972 971 998
f 996 974 972 997
f 1000 999 995 993
f 999 991 992 995
f 988 1001 994 990
f 1001 1000 993 994
f 1001 996 997 1000
f 999 998 1002 991
f 1000 997 998 999
f 988 989 996 1001
f 973 1004 1003 971
f 986 1005 1004 973
f 991 1006 1005 986
f 1002 1007 1006 991
f 971 1003 1008 998
f 998 1008 1007 1002
f 1008 1003 1004 1007
f 1007 1004 1005 1006
f 1010 943 939 1009
f 1011 938 942 1012
f 1013 933 943 1010
f 1012 942 932 1014
f 1016 941 931 1015
f 1017 928 940 1018
f 1019 936 941 1016
f 1018 940 935 1020
f 1009 939 917 1021
f 1022 916 938 1011
f 1023 923 936 1019
f 1020 935 922 1024
f 1025 919 933 1013
f 1014 932 918 1026
f 1015 931 921 1027
f 1028 920 928 1017
f 1029 911 923 1023
f 1024 922 910 1030
f 1027 921 875 1031
f 1032 884 920 1028
f 1033 883 919 1025
f 1026 918 882 1034
f 1021 917 914 1035
f 1036 913 916 1022
f 1035 914 881 1037
f 1038 880 913 1036
f 1031 875 915 1039
f 1039 915 911 1029
f 1030 910 877 1040
f 1040 877 884 1032
f 1037 881 883 1033
f 1034 882 880 1038
f 1073 1042 1041 1053
f 1043 1044 1074 1054
f 1057 1045 1042 1073
f 1044 1046 1058 1074
f 1075 1048 1047 1059
f 1049 1050 1076 1060
f 1055 1051 1048 1075
f 1050 1052 1056 1076
f 1061 1055 1075 1071
f 1076 1056 1062 1072
f 1071 1075 1059 1063
f 1060 1076 1072 1064
f 1065 1057 1073 1069
f 1074 1058 1066 1070
f 1069 1073 1053 1067
f 1054 1074 1070 1068
f 518 524 1062 1056
f 476 474 1012 1014
f 523 517 1055 1061
f 490 494 1032 1028
f 484 498 1036 1022
f 505 506 1044 1043
f 493 489 1027 1031
f 487 495 1033 1025
f 507 504 1042 1045
f 483 471 1009 1021
f 475 487 1025 1013
f 489 477 1015 1027
f 488 476 1014 1026
f 497 483 1021 1035
f 473 484 1022 1011
f 13 11 549 551
f 532 530 1068 1070
f 529 531 1069 1067
f 502 492 1030 1040
f 516 505 1043 1054
f 509 521 1059 1047
f 528 532 1070 1066
f 531 527 1065 1069
f 491 501 1039 1029
f 501 493 1031 1039
f 479 490 1028 1017
f 512 514 1052 1050
f 508 520 1058 1046
f 513 510 1048 1051
f 511 512 1050 1049
f 494 502 1040 1032
f 533 523 1061 1071
f 519 507 1045 1057
f 500 496 1034 1038
f 481 485 1023 1019
f 486 482 1020 1024
f 524 534 1072 1062
f 499 497 1035 1037
f 527 519 1057 1065
f 534 526 1064 1072
f 517 513 1051 1055
f 525 533 1071 1063
f 498 500 1038 1036
f 495 499 1037 1033
f 522 511 1049 1060
f 506 508 1046 1044
f 482 480 1018 1020
f 504 503 1041 1042
f 521 525 1063 1059
f 2 3 541 540
f 510 509 1047 1048
f 474 473 1011 1012
f 471 472 1010 1009
f 514 518 1056 1052
f 526 522 1060 1064
f 520 528 1066 1058
f 485 491 1029 1023
f 478 481 1019 1016
f 480 479 1017 1018
f 503 515 1053 1041
f 515 529 1067 1053
f 472 475 1013 1010
f 496 488 1026 1034
f 530 516 1054 1068
f 492 486 1024 1030
f 477 478 1016 1015
